   1.5000000e+00   2.7900000e+02
   1.5000000e+00   7.1900000e+02
   2.0000000e+00   6.8600000e+02
   2.2000000e+00   9.5700000e+02
   2.5000000e+00   6.9000000e+02
   2.7000000e+00   5.3700000e+02
   3.7000000e+00   6.0300000e+02
   4.3000000e+00   6.1800000e+02
   4.4000000e+00   3.1400000e+02
   4.4000000e+00   9.9600000e+02
   4.6000000e+00   4.0500000e+02
   5.3000000e+00   5.8700000e+02
   5.6000000e+00   8.3700000e+02
   5.7000000e+00   8.7000000e+01
   5.8000000e+00   4.8300000e+02
   5.8000000e+00   9.3400000e+02
   6.0000000e+00   4.8000000e+02
   6.0000000e+00   9.7200000e+02
   6.1000000e+00   7.1200000e+02
   6.9000000e+00   4.0900000e+02
   7.0000000e+00   2.1900000e+02
   7.2000000e+00   2.4600000e+02
   7.4000000e+00   7.0200000e+02
   7.6000000e+00   8.9300000e+02
   7.7000000e+00   3.7800000e+02
   8.3000000e+00   7.9100000e+02
   8.7000000e+00   2.6800000e+02
   8.7000000e+00   3.0700000e+02
   8.8000000e+00   6.6600000e+02
   8.9000000e+00   2.9400000e+02
   8.9000000e+00   9.4500000e+02
   9.6000000e+00   3.1500000e+02
   1.0500000e+01   4.1900000e+02
   1.1300000e+01   4.3400000e+02
   1.1600000e+01   1.9000000e+02
   1.1600000e+01   7.8200000e+02
   1.1800000e+01   3.6300000e+02
   1.2000000e+01   4.8000000e+02
   1.2200000e+01   9.3500000e+02
   1.2300000e+01   2.3700000e+02
   1.2500000e+01   6.2000000e+01
   1.4200000e+01   6.7900000e+02
   1.4700000e+01   5.9200000e+02
   1.4700000e+01   6.2200000e+02
   1.4900000e+01   6.3200000e+02
   1.5000000e+01   5.4100000e+02
   1.5100000e+01   7.8100000e+02
   1.5200000e+01   4.9600000e+02
   1.5800000e+01   2.6900000e+02
   1.6000000e+01   9.4500000e+02
   1.6300000e+01   4.4400000e+02
   1.6600000e+01   8.2100000e+02
   1.6800000e+01   3.5500000e+02
   1.6800000e+01   9.5200000e+02
   1.7000000e+01   2.8800000e+02
   1.7400000e+01   4.6100000e+02
   1.7800000e+01   2.4800000e+02
   1.8400000e+01   1.3000000e+01
   1.8600000e+01   9.2200000e+02
   1.9600000e+01   5.4000000e+01
   1.9800000e+01   4.4200000e+02
   2.0800000e+01   4.5900000e+02
   2.1600000e+01   6.8900000e+02
   2.2000000e+01   5.0500000e+02
   2.2300000e+01   9.8600000e+02
   2.2500000e+01   3.5200000e+02
   2.2900000e+01   8.1000000e+01
   2.2900000e+01   2.9700000e+02
   2.2900000e+01   4.9800000e+02
   2.2900000e+01   6.5000000e+02
   2.3300000e+01   9.5300000e+02
   2.3500000e+01   2.4600000e+02
   2.3700000e+01   4.7400000e+02
   2.3800000e+01   8.3200000e+02
   2.4000000e+01   6.1000000e+02
   2.4200000e+01   5.2600000e+02
   2.4400000e+01   6.0400000e+02
   2.4500000e+01   1.5000000e+01
   2.4500000e+01   6.3700000e+02
   2.4600000e+01   1.4900000e+02
   2.4600000e+01   8.5700000e+02
   2.4700000e+01   2.8900000e+02
   2.4700000e+01   6.2900000e+02
   2.5100000e+01   5.7800000e+02
   2.5300000e+01   4.2400000e+02
   2.5800000e+01   6.4000000e+01
   2.5800000e+01   6.6200000e+02
   2.6100000e+01   1.5600000e+02
   2.6200000e+01   1.9000000e+01
   2.6500000e+01   3.4000000e+02
   2.6500000e+01   9.8500000e+02
   2.6600000e+01   2.2400000e+02
   2.7100000e+01   3.1300000e+02
   2.7100000e+01   3.8400000e+02
   2.7300000e+01   2.5500000e+02
   2.7400000e+01   9.8700000e+02
   2.8300000e+01   6.7000000e+02
   2.8400000e+01   4.1900000e+02
   2.8800000e+01   5.1000000e+02
   2.9000000e+01   4.8000000e+01
   2.9400000e+01   5.5700000e+02
   3.0100000e+01   9.5000000e+01
   3.0800000e+01   4.7300000e+02
   3.0800000e+01   9.6300000e+02
   3.1000000e+01   1.6200000e+02
   3.1000000e+01   7.1000000e+02
   3.1100000e+01   5.6600000e+02
   3.1600000e+01   6.2900000e+02
   3.1800000e+01   1.2700000e+02
   3.1900000e+01   8.6800000e+02
   3.2400000e+01   7.8800000e+02
   3.2700000e+01   4.7200000e+02
   3.3000000e+01   5.2700000e+02
   3.3000000e+01   7.7100000e+02
   3.3100000e+01   1.2500000e+02
   3.3200000e+01   9.6600000e+02
   3.3400000e+01   2.7000000e+02
   3.3600000e+01   3.0200000e+02
   3.3600000e+01   3.1900000e+02
   3.3600000e+01   8.2500000e+02
   3.4400000e+01   8.2500000e+02
   3.4600000e+01   3.7300000e+02
   3.5400000e+01   6.4000000e+01
   3.5500000e+01   9.4600000e+02
   3.6100000e+01   9.1900000e+02
   3.6200000e+01   6.2800000e+02
   3.6400000e+01   5.1300000e+02
   3.6600000e+01   7.9400000e+02
   3.6700000e+01   8.5900000e+02
   3.7100000e+01   2.0400000e+02
   3.7100000e+01   6.5300000e+02
   3.7300000e+01   9.3200000e+02
   3.7600000e+01   1.5100000e+02
   3.7600000e+01   3.6000000e+02
   3.7600000e+01   3.7700000e+02
   3.7600000e+01   7.7900000e+02
   3.7900000e+01   1.5500000e+02
   3.8000000e+01   2.6000000e+02
   3.8000000e+01   2.9100000e+02
   3.8800000e+01   8.4500000e+02
   3.9200000e+01   3.2100000e+02
   3.9400000e+01   8.9400000e+02
   3.9600000e+01   3.7100000e+02
   4.0300000e+01   7.7700000e+02
   4.0500000e+01   1.9900000e+02
   4.0800000e+01   4.9200000e+02
   4.0800000e+01   8.1500000e+02
   4.1000000e+01   2.8000000e+01
   4.1000000e+01   3.9200000e+02
   4.1000000e+01   6.6400000e+02
   4.1400000e+01   6.2500000e+02
   4.2000000e+01   9.3100000e+02
   4.2100000e+01   2.8900000e+02
   4.2100000e+01   3.9000000e+02
   4.2800000e+01   8.8900000e+02
   4.2900000e+01   3.0800000e+02
   4.3100000e+01   2.9700000e+02
   4.3500000e+01   2.2600000e+02
   4.3500000e+01   2.5900000e+02
   4.4100000e+01   4.1900000e+02
   4.4200000e+01   1.8000000e+02
   4.4600000e+01   6.9300000e+02
   4.4800000e+01   4.3800000e+02
   4.5700000e+01   1.8000000e+01
   4.6000000e+01   1.1900000e+02
   4.6500000e+01   8.6100000e+02
   4.6700000e+01   2.3000000e+02
   4.7400000e+01   5.2500000e+02
   4.7500000e+01   2.0400000e+02
   4.7500000e+01   4.9600000e+02
   4.7700000e+01   4.4000000e+02
   4.7900000e+01   5.6400000e+02
   4.8200000e+01   4.5300000e+02
   4.8300000e+01   3.4100000e+02
   4.8800000e+01   8.7000000e+01
   4.8800000e+01   5.3700000e+02
   4.8900000e+01   9.9300000e+02
   4.9100000e+01   3.5800000e+02
   4.9100000e+01   3.9800000e+02
   4.9100000e+01   7.6900000e+02
   4.9400000e+01   2.6200000e+02
   4.9500000e+01   8.3900000e+02
   4.9900000e+01   5.4900000e+02
   4.9900000e+01   7.5800000e+02
   5.0000000e+01   7.9500000e+02
   5.0300000e+01   5.8000000e+02
   5.0600000e+01   4.3500000e+02
   5.0800000e+01   9.5500000e+02
   5.1200000e+01   7.7700000e+02
   5.1700000e+01   5.8000000e+01
   5.2000000e+01   2.7700000e+02
   5.2300000e+01   6.6600000e+02
   5.2900000e+01   5.5500000e+02
   5.3000000e+01   8.4300000e+02
   5.3500000e+01   6.7000000e+01
   5.3800000e+01   3.0300000e+02
   5.3900000e+01   8.0000000e+02
   5.4300000e+01   7.3100000e+02
   5.4600000e+01   3.3200000e+02
   5.4700000e+01   2.6200000e+02
   5.4800000e+01   5.2800000e+02
   5.5200000e+01   3.6200000e+02
   5.5500000e+01   4.1900000e+02
   5.5500000e+01   5.8700000e+02
   5.5900000e+01   7.7700000e+02
   5.6800000e+01   3.5900000e+02
   5.7000000e+01   4.9200000e+02
   5.7500000e+01   8.2000000e+02
   5.7700000e+01   7.5600000e+02
   5.7900000e+01   6.7000000e+01
   5.7900000e+01   2.7700000e+02
   5.8200000e+01   7.8700000e+02
   5.8500000e+01   9.3900000e+02
   5.8600000e+01   7.8800000e+02
   5.8900000e+01   6.6200000e+02
   5.9100000e+01   3.5100000e+02
   5.9400000e+01   8.7000000e+02
   6.0300000e+01   5.3000000e+02
   6.0400000e+01   3.8000000e+01
   6.0500000e+01   6.2600000e+02
   6.1400000e+01   1.3000000e+02
   6.1400000e+01   6.8500000e+02
   6.1700000e+01   1.2700000e+02
   6.1900000e+01   7.6000000e+01
   6.2400000e+01   8.3300000e+02
   6.2500000e+01   6.0600000e+02
   6.2900000e+01   4.5400000e+02
   6.3000000e+01   2.7800000e+02
   6.3500000e+01   1.7300000e+02
   6.3500000e+01   4.1500000e+02
   6.3500000e+01   7.0300000e+02
   6.3700000e+01   5.1800000e+02
   6.3900000e+01   2.2600000e+02
   6.3900000e+01   8.3800000e+02
   6.4300000e+01   3.9000000e+02
   6.4500000e+01   7.7500000e+02
   6.5200000e+01   4.3000000e+01
   6.6100000e+01   5.9500000e+02
   6.6200000e+01   1.6600000e+02
   6.6500000e+01   7.6200000e+02
   6.6900000e+01   4.0000000e+00
   6.6900000e+01   5.6500000e+02
   6.7600000e+01   5.5300000e+02
   6.7900000e+01   1.1800000e+02
   6.8100000e+01   2.3000000e+02
   6.8200000e+01   2.6600000e+02
   6.8400000e+01   3.1100000e+02
   6.8600000e+01   2.2200000e+02
   6.9000000e+01   4.7200000e+02
   6.9200000e+01   3.9900000e+02
   6.9400000e+01   3.1400000e+02
   6.9400000e+01   9.8500000e+02
   6.9500000e+01   7.7600000e+02
   6.9500000e+01   8.3000000e+02
   6.9600000e+01   6.4400000e+02
   6.9600000e+01   7.5300000e+02
   7.0200000e+01   1.7500000e+02
   7.0400000e+01   4.1200000e+02
   7.0500000e+01   3.6700000e+02
   7.0500000e+01   4.3300000e+02
   7.0900000e+01   8.0900000e+02
   7.1000000e+01   9.5400000e+02
   7.1100000e+01   3.2000000e+01
   7.1100000e+01   1.2700000e+02
   7.1100000e+01   3.4100000e+02
   7.1100000e+01   9.1200000e+02
   7.1400000e+01   1.2000000e+02
   7.1600000e+01   3.2000000e+02
   7.2200000e+01   3.2700000e+02
   7.2200000e+01   7.1700000e+02
   7.2200000e+01   8.9000000e+02
   7.2700000e+01   9.7300000e+02
   7.3000000e+01   1.3000000e+01
   7.3200000e+01   2.1000000e+01
   7.3300000e+01   6.9800000e+02
   7.3300000e+01   8.2700000e+02
   7.3400000e+01   8.7200000e+02
   7.3600000e+01   1.6100000e+02
   7.4100000e+01   6.2700000e+02
   7.4300000e+01   6.5000000e+01
   7.4600000e+01   1.1500000e+02
   7.4600000e+01   8.4500000e+02
   7.5700000e+01   7.7000000e+02
   7.5800000e+01   3.5500000e+02
   7.5800000e+01   7.8200000e+02
   7.6000000e+01   7.8800000e+02
   7.6200000e+01   9.1300000e+02
   7.6200000e+01   9.6500000e+02
   7.7700000e+01   4.9200000e+02
   7.8100000e+01   8.9000000e+02
   7.8100000e+01   9.1000000e+02
   7.8700000e+01   4.9000000e+01
   7.9000000e+01   2.2600000e+02
   7.9200000e+01   7.0200000e+02
   7.9300000e+01   8.0000000e+00
   7.9300000e+01   3.6200000e+02
   7.9700000e+01   4.6000000e+02
   8.0200000e+01   2.7600000e+02
   8.0500000e+01   1.3000000e+02
   8.1300000e+01   1.8300000e+02
   8.1300000e+01   4.6500000e+02
   8.1600000e+01   9.3000000e+02
   8.2000000e+01   1.8600000e+02
   8.2200000e+01   8.4000000e+01
   8.2200000e+01   9.5800000e+02
   8.2700000e+01   5.9000000e+01
   8.2800000e+01   3.9400000e+02
   8.3300000e+01   2.6000000e+01
   8.4200000e+01   3.6200000e+02
   8.4700000e+01   4.5400000e+02
   8.5900000e+01   4.2500000e+02
   8.6200000e+01   9.7200000e+02
   8.6700000e+01   3.3700000e+02
   8.6800000e+01   2.8200000e+02
   8.8300000e+01   9.9000000e+01
   8.8400000e+01   9.9000000e+02
   8.8500000e+01   1.1500000e+02
   8.8600000e+01   5.8000000e+02
   8.8600000e+01   8.5300000e+02
   8.8900000e+01   4.7700000e+02
   8.9000000e+01   7.5000000e+01
   8.9800000e+01   7.2000000e+02
   9.0100000e+01   8.5300000e+02
   9.0300000e+01   1.8600000e+02
   9.0400000e+01   7.8300000e+02
   9.0500000e+01   2.9600000e+02
   9.0500000e+01   8.1900000e+02
   9.0800000e+01   1.5400000e+02
   9.0800000e+01   6.4800000e+02
   9.1100000e+01   7.6200000e+02
   9.1300000e+01   1.0500000e+02
   9.1300000e+01   3.1800000e+02
   9.1600000e+01   7.4800000e+02
   9.1900000e+01   4.3200000e+02
   9.2400000e+01   7.0300000e+02
   9.2500000e+01   9.3900000e+02
   9.2600000e+01   6.2900000e+02
   9.2900000e+01   7.3000000e+01
   9.3000000e+01   2.7600000e+02
   9.3500000e+01   3.4400000e+02
   9.4500000e+01   6.2800000e+02
   9.4600000e+01   6.3800000e+02
   9.4700000e+01   2.8800000e+02
   9.4900000e+01   6.2700000e+02
   9.4900000e+01   9.9200000e+02
   9.5200000e+01   3.8400000e+02
   9.5200000e+01   6.5200000e+02
   9.5500000e+01   2.9200000e+02
   9.5800000e+01   5.1800000e+02
   9.6100000e+01   5.6400000e+02
   9.6700000e+01   8.0200000e+02
   9.6800000e+01   5.7600000e+02
   9.6900000e+01   2.4800000e+02
   9.7600000e+01   3.3500000e+02
   9.7700000e+01   4.4300000e+02
   9.8200000e+01   4.1400000e+02
   9.9100000e+01   4.8300000e+02
   9.9200000e+01   4.0800000e+02
   9.9800000e+01   4.0000000e+01
   9.9900000e+01   3.8700000e+02
   1.0010000e+02   7.1100000e+02
   1.0020000e+02   6.1700000e+02
   1.0070000e+02   1.8000000e+02
   1.0240000e+02   1.5500000e+02
   1.0270000e+02   6.1700000e+02
   1.0310000e+02   7.2900000e+02
   1.0380000e+02   7.8700000e+02
   1.0390000e+02   2.3400000e+02
   1.0410000e+02   5.9900000e+02
   1.0440000e+02   7.8500000e+02
   1.0520000e+02   1.2100000e+02
   1.0530000e+02   2.2100000e+02
   1.0560000e+02   5.0600000e+02
   1.0610000e+02   8.7900000e+02
   1.0620000e+02   2.1000000e+02
   1.0660000e+02   6.9000000e+02
   1.0680000e+02   3.7900000e+02
   1.0690000e+02   2.1000000e+02
   1.0700000e+02   1.5700000e+02
   1.0740000e+02   2.3700000e+02
   1.0740000e+02   8.8800000e+02
   1.0770000e+02   9.0100000e+02
   1.0790000e+02   5.6700000e+02
   1.0830000e+02   4.3600000e+02
   1.0860000e+02   2.0300000e+02
   1.0870000e+02   5.3800000e+02
   1.0920000e+02   6.6500000e+02
   1.0930000e+02   6.1700000e+02
   1.0980000e+02   3.1000000e+02
   1.1000000e+02   2.4000000e+02
   1.1050000e+02   9.0500000e+02
   1.1100000e+02   3.6500000e+02
   1.1110000e+02   6.9200000e+02
   1.1130000e+02   2.4500000e+02
   1.1160000e+02   3.4700000e+02
   1.1250000e+02   1.1000000e+02
   1.1250000e+02   6.8400000e+02
   1.1290000e+02   9.7900000e+02
   1.1300000e+02   5.6000000e+01
   1.1310000e+02   1.1000000e+01
   1.1320000e+02   4.4100000e+02
   1.1340000e+02   4.9000000e+02
   1.1340000e+02   7.7100000e+02
   1.1370000e+02   7.3400000e+02
   1.1450000e+02   9.2100000e+02
   1.1580000e+02   1.3400000e+02
   1.1580000e+02   7.0600000e+02
   1.1580000e+02   7.3200000e+02
   1.1660000e+02   2.2800000e+02
   1.1670000e+02   4.8200000e+02
   1.1730000e+02   2.4500000e+02
   1.1760000e+02   1.8500000e+02
   1.1780000e+02   9.3500000e+02
   1.1960000e+02   5.2500000e+02
   1.1990000e+02   4.9800000e+02
   1.2050000e+02   8.9300000e+02
   1.2080000e+02   4.1700000e+02
   1.2090000e+02   3.4200000e+02
   1.2100000e+02   7.4500000e+02
   1.2140000e+02   6.4800000e+02
   1.2180000e+02   9.0800000e+02
   1.2280000e+02   2.0700000e+02
   1.2300000e+02   5.9900000e+02
   1.2320000e+02   5.6700000e+02
   1.2330000e+02   4.5000000e+01
   1.2400000e+02   5.0500000e+02
   1.2420000e+02   6.5300000e+02
   1.2470000e+02   5.6900000e+02
   1.2590000e+02   6.0500000e+02
   1.2830000e+02   7.3000000e+02
   1.2870000e+02   7.4100000e+02
   1.2910000e+02   5.8300000e+02
   1.2960000e+02   9.4600000e+02
   1.3090000e+02   5.8000000e+02
   1.3110000e+02   3.6900000e+02
   1.3170000e+02   7.4600000e+02
   1.3280000e+02   9.4700000e+02
   1.3330000e+02   5.7000000e+02
   1.3340000e+02   5.2600000e+02
   1.3390000e+02   4.4000000e+01
   1.3390000e+02   4.5500000e+02
   1.3410000e+02   1.1100000e+02
   1.3480000e+02   7.5800000e+02
   1.3540000e+02   5.0400000e+02
   1.3660000e+02   5.1900000e+02
   1.3680000e+02   8.7600000e+02
   1.3690000e+02   4.8200000e+02
   1.3710000e+02   2.0500000e+02
   1.3810000e+02   9.3200000e+02
   1.3910000e+02   1.2100000e+02
   1.3960000e+02   7.5100000e+02
   1.4070000e+02   1.9100000e+02
   1.4220000e+02   6.7000000e+02
   1.4250000e+02   3.3800000e+02
   1.4260000e+02   2.2500000e+02
   1.4290000e+02   4.6700000e+02
   1.4410000e+02   2.2200000e+02
   1.4410000e+02   9.2200000e+02
   1.4460000e+02   9.0700000e+02
   1.4510000e+02   6.0000000e+01
   1.4520000e+02   6.5700000e+02
   1.4530000e+02   9.4800000e+02
   1.4710000e+02   2.5300000e+02
   1.4720000e+02   2.2800000e+02
   1.4780000e+02   6.7000000e+02
   1.5050000e+02   2.9800000e+02
   1.5140000e+02   6.5100000e+02
   1.5290000e+02   5.1800000e+02
   1.5300000e+02   4.5700000e+02
   1.5350000e+02   1.9000000e+01
   1.5350000e+02   1.9000000e+02
   1.5350000e+02   5.8900000e+02
   1.5380000e+02   2.4200000e+02
   1.5380000e+02   3.3100000e+02
   1.5380000e+02   6.7700000e+02
   1.5420000e+02   8.3300000e+02
   1.5450000e+02   2.7600000e+02
   1.5480000e+02   9.3400000e+02
   1.5510000e+02   4.3400000e+02
   1.5560000e+02   3.8900000e+02
   1.5580000e+02   8.7000000e+02
   1.5610000e+02   8.5900000e+02
   1.5630000e+02   4.4900000e+02
   1.5640000e+02   2.8000000e+01
   1.5890000e+02   9.2400000e+02
   1.5950000e+02   6.5000000e+01
   1.5970000e+02   2.4500000e+02
   1.6010000e+02   8.3600000e+02
   1.6080000e+02   3.8400000e+02
   1.6140000e+02   4.7300000e+02
   1.6220000e+02   2.9700000e+02
   1.6340000e+02   3.9000000e+01
   1.6430000e+02   9.7100000e+02
   1.6450000e+02   6.6500000e+02
   1.6570000e+02   3.6200000e+02
   1.6580000e+02   4.3900000e+02
   1.6600000e+02   7.4500000e+02
   1.6610000e+02   1.9100000e+02
   1.6620000e+02   2.0200000e+02
   1.6770000e+02   5.9200000e+02
   1.6780000e+02   2.1900000e+02
   1.6800000e+02   9.0800000e+02
   1.6920000e+02   1.1500000e+02
   1.7120000e+02   6.7100000e+02
   1.7120000e+02   9.5400000e+02
   1.7140000e+02   5.6000000e+01
   1.7160000e+02   4.3500000e+02
   1.7170000e+02   6.4000000e+02
   1.7320000e+02   2.7700000e+02
   1.7340000e+02   7.3600000e+02
   1.7360000e+02   4.0700000e+02
   1.7370000e+02   1.7200000e+02
   1.7380000e+02   6.7800000e+02
   1.7390000e+02   2.7500000e+02
   1.7550000e+02   7.0000000e+02
   1.7580000e+02   6.2400000e+02
   1.7580000e+02   9.6700000e+02
   1.7660000e+02   2.6400000e+02
   1.7680000e+02   2.1800000e+02
   1.7680000e+02   4.9900000e+02
   1.7680000e+02   9.7200000e+02
   1.7740000e+02   5.7600000e+02
   1.7870000e+02   8.8100000e+02
   1.7880000e+02   5.2300000e+02
   1.7900000e+02   4.0100000e+02
   1.8000000e+02   4.8500000e+02
   1.8010000e+02   9.4000000e+02
   1.8050000e+02   5.6500000e+02
   1.8050000e+02   7.8500000e+02
   1.8060000e+02   3.5100000e+02
   1.8060000e+02   8.6100000e+02
   1.8120000e+02   8.0000000e+00
   1.8140000e+02   5.3200000e+02
   1.8150000e+02   6.7100000e+02
   1.8180000e+02   7.5400000e+02
   1.8230000e+02   5.3100000e+02
   1.8260000e+02   8.4000000e+01
   1.8290000e+02   6.6200000e+02
   1.8300000e+02   2.7000000e+02
   1.8310000e+02   2.5100000e+02
   1.8320000e+02   6.9800000e+02
   1.8350000e+02   8.6000000e+02
   1.8400000e+02   7.9600000e+02
   1.8480000e+02   8.3800000e+02
   1.8500000e+02   2.6600000e+02
   1.8530000e+02   7.3000000e+01
   1.8620000e+02   6.3000000e+01
   1.8630000e+02   8.8100000e+02
   1.8650000e+02   8.6900000e+02
   1.8720000e+02   9.5500000e+02
   1.8740000e+02   4.0000000e+01
   1.8740000e+02   3.2400000e+02
   1.8770000e+02   2.8800000e+02
   1.8810000e+02   1.2200000e+02
   1.8820000e+02   3.9500000e+02
   1.8850000e+02   1.4800000e+02
   1.8850000e+02   7.0300000e+02
   1.8890000e+02   9.2500000e+02
   1.8920000e+02   7.6800000e+02
   1.8940000e+02   1.9500000e+02
   1.8960000e+02   9.0000000e+01
   1.8980000e+02   3.3800000e+02
   1.9010000e+02   2.4700000e+02
   1.9010000e+02   5.9400000e+02
   1.9040000e+02   3.4800000e+02
   1.9100000e+02   6.9200000e+02
   1.9120000e+02   7.0000000e+02
   1.9130000e+02   2.4800000e+02
   1.9210000e+02   7.6500000e+02
   1.9250000e+02   2.5500000e+02
   1.9250000e+02   3.1100000e+02
   1.9290000e+02   1.5800000e+02
   1.9290000e+02   7.3700000e+02
   1.9300000e+02   4.0700000e+02
   1.9300000e+02   4.6600000e+02
   1.9330000e+02   6.3000000e+01
   1.9350000e+02   8.9100000e+02
   1.9370000e+02   3.5200000e+02
   1.9440000e+02   6.5300000e+02
   1.9470000e+02   7.2400000e+02
   1.9490000e+02   9.4900000e+02
   1.9510000e+02   9.5300000e+02
   1.9670000e+02   2.6200000e+02
   1.9750000e+02   7.9000000e+02
   1.9790000e+02   8.9500000e+02
   1.9820000e+02   2.5700000e+02
   1.9820000e+02   5.1500000e+02
   1.9830000e+02   7.8100000e+02
   1.9840000e+02   7.9000000e+01
   1.9850000e+02   8.1800000e+02
   1.9870000e+02   2.0000000e+00
   1.9930000e+02   9.6400000e+02
   1.9940000e+02   5.2000000e+01
   1.9940000e+02   4.8000000e+02
   1.9950000e+02   5.7000000e+01
   2.0010000e+02   6.0000000e+01
   2.0050000e+02   1.9500000e+02
   2.0060000e+02   6.9600000e+02
   2.0070000e+02   5.3300000e+02
   2.0090000e+02   6.1900000e+02
   2.0100000e+02   4.0900000e+02
   2.0170000e+02   1.3200000e+02
   2.0190000e+02   9.5800000e+02
   2.0280000e+02   5.7000000e+01
   2.0290000e+02   3.9500000e+02
   2.0290000e+02   6.5200000e+02
   2.0300000e+02   1.5700000e+02
   2.0340000e+02   2.6700000e+02
   2.0390000e+02   1.0400000e+02
   2.0430000e+02   8.0300000e+02
   2.0440000e+02   4.9200000e+02
   2.0450000e+02   6.0000000e+02
   2.0500000e+02   8.3500000e+02
   2.0510000e+02   1.6800000e+02
   2.0560000e+02   9.7900000e+02
   2.0600000e+02   7.4600000e+02
   2.0610000e+02   4.8000000e+01
   2.0640000e+02   7.9600000e+02
   2.0670000e+02   3.8300000e+02
   2.0750000e+02   1.4400000e+02
   2.0830000e+02   2.5600000e+02
   2.0830000e+02   4.5600000e+02
   2.0850000e+02   6.2500000e+02
   2.0870000e+02   5.4500000e+02
   2.0900000e+02   5.6500000e+02
   2.1010000e+02   4.6400000e+02
   2.1050000e+02   5.0000000e+00
   2.1060000e+02   8.6600000e+02
   2.1100000e+02   4.1000000e+02
   2.1110000e+02   4.1800000e+02
   2.1130000e+02   1.6600000e+02
   2.1170000e+02   1.0600000e+02
   2.1240000e+02   4.4000000e+01
   2.1240000e+02   6.5200000e+02
   2.1270000e+02   8.6100000e+02
   2.1350000e+02   7.6700000e+02
   2.1410000e+02   7.7700000e+02
   2.1430000e+02   8.9500000e+02
   2.1440000e+02   5.5600000e+02
   2.1450000e+02   6.0600000e+02
   2.1470000e+02   2.0900000e+02
   2.1510000e+02   1.4100000e+02
   2.1570000e+02   5.2700000e+02
   2.1610000e+02   5.7000000e+02
   2.1660000e+02   4.0200000e+02
   2.1680000e+02   9.9300000e+02
   2.1740000e+02   5.1300000e+02
   2.1820000e+02   7.6800000e+02
   2.1860000e+02   1.8900000e+02
   2.1880000e+02   2.6100000e+02
   2.1890000e+02   2.7700000e+02
   2.1890000e+02   9.9100000e+02
   2.1920000e+02   5.8700000e+02
   2.1920000e+02   8.4200000e+02
   2.1930000e+02   7.5800000e+02
   2.1950000e+02   3.5800000e+02
   2.1980000e+02   4.5200000e+02
   2.1990000e+02   3.2400000e+02
   2.2000000e+02   5.7800000e+02
   2.2030000e+02   3.2400000e+02
   2.2090000e+02   6.1000000e+01
   2.2110000e+02   2.2600000e+02
   2.2210000e+02   5.1500000e+02
   2.2210000e+02   8.1500000e+02
   2.2260000e+02   6.9600000e+02
   2.2330000e+02   6.9200000e+02
   2.2350000e+02   6.5600000e+02
   2.2360000e+02   1.5700000e+02
   2.2410000e+02   1.7000000e+01
   2.2410000e+02   6.6800000e+02
   2.2450000e+02   2.1900000e+02
   2.2470000e+02   3.4900000e+02
   2.2490000e+02   1.1300000e+02
   2.2530000e+02   4.3100000e+02
   2.2580000e+02   8.0600000e+02
   2.2590000e+02   1.4000000e+02
   2.2600000e+02   9.5700000e+02
   2.2690000e+02   3.3300000e+02
   2.2730000e+02   1.2500000e+02
   2.2740000e+02   6.2900000e+02
   2.2760000e+02   6.1900000e+02
   2.2810000e+02   1.0100000e+02
   2.2840000e+02   6.3900000e+02
   2.2920000e+02   5.8100000e+02
   2.2930000e+02   4.9300000e+02
   2.2930000e+02   5.6300000e+02
   2.2960000e+02   7.6400000e+02
   2.2960000e+02   8.7900000e+02
   2.2970000e+02   1.5000000e+01
   2.3000000e+02   7.5300000e+02
   2.3010000e+02   2.7300000e+02
   2.3030000e+02   8.7100000e+02
   2.3070000e+02   7.0800000e+02
   2.3080000e+02   9.6700000e+02
   2.3110000e+02   9.9900000e+02
   2.3250000e+02   3.0800000e+02
   2.3280000e+02   2.4600000e+02
   2.3290000e+02   4.2100000e+02
   2.3320000e+02   3.8000000e+01
   2.3350000e+02   1.4200000e+02
   2.3390000e+02   5.4000000e+01
   2.3440000e+02   1.7000000e+02
   2.3480000e+02   1.0500000e+02
   2.3540000e+02   9.0000000e+02
   2.3570000e+02   7.7000000e+01
   2.3570000e+02   7.8800000e+02
   2.3630000e+02   3.1000000e+01
   2.3650000e+02   1.0500000e+02
   2.3670000e+02   9.0000000e+01
   2.3680000e+02   7.3700000e+02
   2.3690000e+02   2.9400000e+02
   2.3780000e+02   6.5000000e+02
   2.3790000e+02   3.7000000e+01
   2.3810000e+02   5.7900000e+02
   2.3820000e+02   3.3800000e+02
   2.3850000e+02   2.0500000e+02
   2.3850000e+02   7.5200000e+02
   2.3870000e+02   5.4800000e+02
   2.3880000e+02   2.3500000e+02
   2.3890000e+02   6.8900000e+02
   2.3990000e+02   7.9000000e+01
   2.4020000e+02   6.2000000e+02
   2.4040000e+02   7.5000000e+02
   2.4060000e+02   5.1000000e+01
   2.4110000e+02   2.5800000e+02
   2.4110000e+02   2.6300000e+02
   2.4120000e+02   7.9400000e+02
   2.4140000e+02   3.7000000e+02
   2.4170000e+02   4.5100000e+02
   2.4210000e+02   8.0000000e+02
   2.4230000e+02   8.1400000e+02
   2.4270000e+02   6.8100000e+02
   2.4300000e+02   5.0100000e+02
   2.4320000e+02   4.1900000e+02
   2.4330000e+02   4.0200000e+02
   2.4330000e+02   6.6300000e+02
   2.4330000e+02   9.5400000e+02
   2.4370000e+02   4.8500000e+02
   2.4440000e+02   1.8100000e+02
   2.4510000e+02   5.9400000e+02
   2.4520000e+02   5.9800000e+02
   2.4540000e+02   7.6600000e+02
   2.4550000e+02   3.6200000e+02
   2.4550000e+02   4.0400000e+02
   2.4560000e+02   1.8900000e+02
   2.4620000e+02   1.5000000e+01
   2.4650000e+02   4.6800000e+02
   2.4670000e+02   4.1700000e+02
   2.4690000e+02   4.4800000e+02
   2.4700000e+02   5.6100000e+02
   2.4710000e+02   5.3500000e+02
   2.4750000e+02   7.3100000e+02
   2.4770000e+02   8.7700000e+02
   2.4820000e+02   4.5100000e+02
   2.4820000e+02   6.1300000e+02
   2.4870000e+02   3.9200000e+02
   2.4870000e+02   8.3400000e+02
   2.4880000e+02   2.0800000e+02
   2.4890000e+02   6.9100000e+02
   2.4900000e+02   8.1000000e+02
   2.4920000e+02   7.8900000e+02
   2.4930000e+02   3.1200000e+02
   2.5040000e+02   1.3500000e+02
   2.5050000e+02   4.1100000e+02
   2.5070000e+02   4.5000000e+02
   2.5070000e+02   6.7700000e+02
   2.5100000e+02   1.5500000e+02
   2.5100000e+02   1.9100000e+02
   2.5110000e+02   2.3200000e+02
   2.5110000e+02   7.0600000e+02
   2.5120000e+02   7.3000000e+01
   2.5120000e+02   1.7700000e+02
   2.5170000e+02   2.0100000e+02
   2.5170000e+02   9.0900000e+02
   2.5180000e+02   3.3000000e+01
   2.5200000e+02   4.5300000e+02
   2.5270000e+02   3.5500000e+02
   2.5330000e+02   9.6100000e+02
   2.5340000e+02   3.9000000e+01
   2.5400000e+02   7.7400000e+02
   2.5440000e+02   8.5400000e+02
   2.5450000e+02   4.8800000e+02
   2.5510000e+02   3.0000000e+00
   2.5510000e+02   3.6100000e+02
   2.5570000e+02   2.8500000e+02
   2.5610000e+02   5.6900000e+02
   2.5670000e+02   5.2900000e+02
   2.5690000e+02   5.0500000e+02
   2.5720000e+02   7.2000000e+01
   2.5720000e+02   3.5400000e+02
   2.5750000e+02   9.0200000e+02
   2.5760000e+02   6.7000000e+01
   2.5830000e+02   1.1000000e+01
   2.5840000e+02   9.3000000e+01
   2.5870000e+02   3.9900000e+02
   2.5870000e+02   8.1800000e+02
   2.5900000e+02   2.4800000e+02
   2.5910000e+02   1.5000000e+01
   2.5910000e+02   3.9200000e+02
   2.5940000e+02   2.4700000e+02
   2.5950000e+02   5.7400000e+02
   2.6020000e+02   3.3500000e+02
   2.6060000e+02   1.2900000e+02
   2.6090000e+02   6.1500000e+02
   2.6110000e+02   6.8300000e+02
   2.6130000e+02   3.7800000e+02
   2.6260000e+02   6.7200000e+02
   2.6300000e+02   6.0300000e+02
   2.6310000e+02   8.8400000e+02
   2.6350000e+02   2.3200000e+02
   2.6370000e+02   5.7200000e+02
   2.6410000e+02   2.8300000e+02
   2.6430000e+02   4.2000000e+01
   2.6440000e+02   2.7000000e+01
   2.6470000e+02   5.5000000e+01
   2.6540000e+02   7.3200000e+02
   2.6550000e+02   4.4600000e+02
   2.6550000e+02   7.4500000e+02
   2.6570000e+02   3.1300000e+02
   2.6580000e+02   6.3900000e+02
   2.6580000e+02   9.1600000e+02
   2.6600000e+02   3.0000000e+02
   2.6630000e+02   6.9700000e+02
   2.6670000e+02   2.1600000e+02
   2.6680000e+02   7.6500000e+02
   2.6730000e+02   7.8600000e+02
   2.6770000e+02   7.4700000e+02
   2.6780000e+02   2.5700000e+02
   2.6820000e+02   2.3000000e+01
   2.6820000e+02   3.4700000e+02
   2.6840000e+02   6.0000000e+02
   2.6860000e+02   3.0900000e+02
   2.6920000e+02   2.9300000e+02
   2.6930000e+02   2.4600000e+02
   2.6930000e+02   2.6800000e+02
   2.6980000e+02   2.2400000e+02
   2.6980000e+02   5.0400000e+02
   2.7010000e+02   8.8700000e+02
   2.7030000e+02   2.8100000e+02
   2.7040000e+02   5.4400000e+02
   2.7040000e+02   6.6700000e+02
   2.7080000e+02   1.3000000e+02
   2.7080000e+02   2.9700000e+02
   2.7170000e+02   1.0800000e+02
   2.7180000e+02   1.6900000e+02
   2.7180000e+02   3.5800000e+02
   2.7210000e+02   5.4100000e+02
   2.7230000e+02   1.4500000e+02
   2.7230000e+02   5.3500000e+02
   2.7230000e+02   9.0000000e+02
   2.7240000e+02   7.9700000e+02
   2.7290000e+02   6.4000000e+02
   2.7360000e+02   9.8600000e+02
   2.7420000e+02   4.9000000e+02
   2.7460000e+02   8.1500000e+02
   2.7540000e+02   4.5800000e+02
   2.7600000e+02   3.1400000e+02
   2.7610000e+02   9.8500000e+02
   2.7620000e+02   7.2600000e+02
   2.7690000e+02   5.4900000e+02
   2.7710000e+02   9.1400000e+02
   2.7730000e+02   6.3100000e+02
   2.7770000e+02   2.3800000e+02
   2.7770000e+02   6.2300000e+02
   2.7840000e+02   5.7800000e+02
   2.7860000e+02   6.3600000e+02
   2.7870000e+02   2.6600000e+02
   2.7920000e+02   6.0100000e+02
   2.7950000e+02   9.0600000e+02
   2.7970000e+02   8.8400000e+02
   2.8000000e+02   3.1800000e+02
   2.8020000e+02   3.2000000e+02
   2.8030000e+02   8.0000000e+01
   2.8030000e+02   9.2800000e+02
   2.8090000e+02   3.2800000e+02
   2.8120000e+02   9.4000000e+02
   2.8150000e+02   7.2700000e+02
   2.8150000e+02   9.4100000e+02
   2.8210000e+02   3.8000000e+01
   2.8210000e+02   9.3800000e+02
   2.8290000e+02   7.5000000e+02
   2.8300000e+02   6.2800000e+02
   2.8390000e+02   6.7000000e+01
   2.8410000e+02   2.5800000e+02
   2.8410000e+02   6.2100000e+02
   2.8410000e+02   7.7000000e+02
   2.8420000e+02   4.6100000e+02
   2.8470000e+02   3.5400000e+02
   2.8490000e+02   3.5100000e+02
   2.8490000e+02   6.2300000e+02
   2.8500000e+02   8.1600000e+02
   2.8510000e+02   4.0800000e+02
   2.8540000e+02   5.1400000e+02
   2.8560000e+02   7.3000000e+02
   2.8620000e+02   1.3600000e+02
   2.8670000e+02   7.3500000e+02
   2.8730000e+02   3.7200000e+02
   2.8740000e+02   4.8700000e+02
   2.8740000e+02   6.7200000e+02
   2.8760000e+02   1.5300000e+02
   2.8770000e+02   1.1700000e+02
   2.8820000e+02   2.2400000e+02
   2.8910000e+02   5.0700000e+02
   2.8930000e+02   2.3900000e+02
   2.8940000e+02   5.3100000e+02
   2.8990000e+02   6.0000000e+00
   2.9010000e+02   2.0600000e+02
   2.9030000e+02   7.0000000e+01
   2.9050000e+02   6.8000000e+02
   2.9060000e+02   4.6700000e+02
   2.9070000e+02   8.1900000e+02
   2.9160000e+02   2.1200000e+02
   2.9190000e+02   3.7500000e+02
   2.9260000e+02   6.0100000e+02
   2.9290000e+02   4.8800000e+02
   2.9410000e+02   8.8000000e+01
   2.9420000e+02   4.6100000e+02
   2.9530000e+02   1.5600000e+02
   2.9580000e+02   9.3800000e+02
   2.9610000e+02   1.2000000e+02
   2.9670000e+02   1.5000000e+01
   2.9690000e+02   8.0600000e+02
   2.9750000e+02   5.8000000e+01
   2.9770000e+02   1.1000000e+01
   2.9770000e+02   8.6300000e+02
   2.9780000e+02   1.8900000e+02
   2.9790000e+02   1.0000000e+02
   2.9860000e+02   3.0500000e+02
   2.9860000e+02   5.1600000e+02
   2.9890000e+02   7.3700000e+02
   2.9900000e+02   6.1200000e+02
   3.0000000e+02   9.5800000e+02
   3.0020000e+02   9.1500000e+02
   3.0140000e+02   8.6000000e+01
   3.0140000e+02   3.8200000e+02
   3.0160000e+02   3.6300000e+02
   3.0180000e+02   9.8400000e+02
   3.0250000e+02   7.3500000e+02
   3.0290000e+02   2.8200000e+02
   3.0340000e+02   1.4900000e+02
   3.0350000e+02   5.2400000e+02
   3.0410000e+02   1.9600000e+02
   3.0430000e+02   4.5400000e+02
   3.0450000e+02   5.4800000e+02
   3.0450000e+02   6.4600000e+02
   3.0480000e+02   7.4000000e+02
   3.0520000e+02   3.9900000e+02
   3.0530000e+02   2.3100000e+02
   3.0560000e+02   1.4500000e+02
   3.0560000e+02   1.6900000e+02
   3.0560000e+02   3.9100000e+02
   3.0570000e+02   4.2100000e+02
   3.0580000e+02   7.0800000e+02
   3.0730000e+02   6.3800000e+02
   3.0810000e+02   3.8900000e+02
   3.0820000e+02   6.6100000e+02
   3.0890000e+02   5.5700000e+02
   3.0940000e+02   9.9400000e+02
   3.0960000e+02   3.8300000e+02
   3.1050000e+02   9.6900000e+02
   3.1140000e+02   3.1500000e+02
   3.1190000e+02   3.5900000e+02
   3.1310000e+02   2.8800000e+02
   3.1320000e+02   2.2500000e+02
   3.1330000e+02   3.3900000e+02
   3.1430000e+02   5.6000000e+02
   3.1440000e+02   5.2300000e+02
   3.1460000e+02   1.1600000e+02
   3.1460000e+02   4.7100000e+02
   3.1470000e+02   2.4000000e+02
   3.1470000e+02   5.4200000e+02
   3.1480000e+02   9.6000000e+02
   3.1520000e+02   2.9600000e+02
   3.1540000e+02   9.9000000e+01
   3.1650000e+02   9.8000000e+02
   3.1680000e+02   9.5400000e+02
   3.1700000e+02   1.8500000e+02
   3.1710000e+02   2.4400000e+02
   3.1830000e+02   3.9500000e+02
   3.1880000e+02   2.1700000e+02
   3.1980000e+02   9.6000000e+02
   3.2010000e+02   1.5500000e+02
   3.2030000e+02   8.7200000e+02
   3.2070000e+02   8.6000000e+01
   3.2110000e+02   8.4300000e+02
   3.2130000e+02   6.6200000e+02
   3.2140000e+02   3.0600000e+02
   3.2140000e+02   7.0900000e+02
   3.2140000e+02   7.5000000e+02
   3.2210000e+02   7.3300000e+02
   3.2350000e+02   1.9700000e+02
   3.2360000e+02   1.5900000e+02
   3.2440000e+02   3.5000000e+02
   3.2500000e+02   2.2900000e+02
   3.2500000e+02   6.2200000e+02
   3.2510000e+02   7.0600000e+02
   3.2570000e+02   2.7000000e+01
   3.2570000e+02   3.7900000e+02
   3.2590000e+02   9.2500000e+02
   3.2620000e+02   7.9100000e+02
   3.2770000e+02   9.8000000e+02
   3.2810000e+02   8.3600000e+02
   3.2820000e+02   3.1000000e+01
   3.2860000e+02   7.4500000e+02
   3.2880000e+02   1.8100000e+02
   3.2920000e+02   8.4700000e+02
   3.2940000e+02   3.6600000e+02
   3.2940000e+02   4.3900000e+02
   3.2960000e+02   8.9600000e+02
   3.2970000e+02   7.4100000e+02
   3.2990000e+02   7.2200000e+02
   3.3000000e+02   9.6800000e+02
   3.3040000e+02   5.5700000e+02
   3.3090000e+02   5.7100000e+02
   3.3180000e+02   9.6900000e+02
   3.3220000e+02   7.6500000e+02
   3.3230000e+02   6.4200000e+02
   3.3290000e+02   2.2300000e+02
   3.3340000e+02   2.6000000e+01
   3.3340000e+02   3.0700000e+02
   3.3410000e+02   1.5400000e+02
   3.3420000e+02   8.9500000e+02
   3.3470000e+02   6.2000000e+01
   3.3480000e+02   8.7600000e+02
   3.3690000e+02   2.5400000e+02
   3.3710000e+02   1.0800000e+02
   3.3740000e+02   1.0000000e+01
   3.3750000e+02   2.9900000e+02
   3.3780000e+02   8.2300000e+02
   3.3820000e+02   4.1900000e+02
   3.3830000e+02   1.2200000e+02
   3.3870000e+02   2.3800000e+02
   3.3890000e+02   9.5300000e+02
   3.3910000e+02   8.3700000e+02
   3.4000000e+02   4.3700000e+02
   3.4010000e+02   7.1500000e+02
   3.4070000e+02   3.6400000e+02
   3.4220000e+02   4.8000000e+01
   3.4240000e+02   8.3100000e+02
   3.4280000e+02   2.9200000e+02
   3.4300000e+02   6.7900000e+02
   3.4310000e+02   4.1700000e+02
   3.4370000e+02   8.0000000e+02
   3.4410000e+02   1.9100000e+02
   3.4440000e+02   6.7900000e+02
   3.4630000e+02   8.0100000e+02
   3.4730000e+02   6.3100000e+02
   3.4740000e+02   4.7400000e+02
   3.4810000e+02   8.2600000e+02
   3.4830000e+02   3.8700000e+02
   3.4840000e+02   6.0700000e+02
   3.4930000e+02   2.3400000e+02
   3.4970000e+02   5.0000000e+02
   3.4980000e+02   1.3900000e+02
   3.4980000e+02   2.7700000e+02
   3.4990000e+02   9.9300000e+02
   3.5010000e+02   4.7600000e+02
   3.5020000e+02   5.2600000e+02
   3.5040000e+02   1.4100000e+02
   3.5100000e+02   7.9700000e+02
   3.5110000e+02   5.3400000e+02
   3.5180000e+02   4.0400000e+02
   3.5250000e+02   5.7300000e+02
   3.5300000e+02   6.0900000e+02
   3.5320000e+02   8.3500000e+02
   3.5330000e+02   5.0400000e+02
   3.5350000e+02   2.8600000e+02
   3.5410000e+02   2.1500000e+02
   3.5520000e+02   5.8400000e+02
   3.5550000e+02   1.8000000e+01
   3.5680000e+02   4.7000000e+02
   3.5720000e+02   6.5500000e+02
   3.5730000e+02   5.1700000e+02
   3.5890000e+02   9.9900000e+02
   3.5960000e+02   7.3600000e+02
   3.6110000e+02   2.9200000e+02
   3.6130000e+02   9.9000000e+02
   3.6140000e+02   6.6800000e+02
   3.6180000e+02   9.0600000e+02
   3.6190000e+02   6.7500000e+02
   3.6200000e+02   6.5500000e+02
   3.6260000e+02   6.8700000e+02
   3.6310000e+02   3.3700000e+02
   3.6320000e+02   1.1100000e+02
   3.6360000e+02   5.7400000e+02
   3.6360000e+02   7.0600000e+02
   3.6370000e+02   7.0500000e+02
   3.6460000e+02   1.8100000e+02
   3.6480000e+02   3.8900000e+02
   3.6560000e+02   1.4200000e+02
   3.6600000e+02   4.9600000e+02
   3.6600000e+02   9.8800000e+02
   3.6650000e+02   6.0400000e+02
   3.6670000e+02   2.2100000e+02
   3.6680000e+02   4.4700000e+02
   3.6700000e+02   8.0100000e+02
   3.6710000e+02   6.9300000e+02
   3.6730000e+02   8.8900000e+02
   3.6810000e+02   2.8300000e+02
   3.6830000e+02   2.3400000e+02
   3.6830000e+02   4.0900000e+02
   3.6860000e+02   8.2300000e+02
   3.6870000e+02   6.6300000e+02
   3.6950000e+02   2.0200000e+02
   3.7080000e+02   8.6700000e+02
   3.7190000e+02   7.4000000e+02
   3.7340000e+02   2.2400000e+02
   3.7360000e+02   4.6500000e+02
   3.7490000e+02   3.0100000e+02
   3.7550000e+02   7.5800000e+02
   3.7580000e+02   7.5100000e+02
   3.7600000e+02   9.7400000e+02
   3.7670000e+02   8.6400000e+02
   3.7800000e+02   4.0800000e+02
   3.7810000e+02   5.2400000e+02
   3.7820000e+02   7.7100000e+02
   3.7910000e+02   8.1000000e+02
   3.7950000e+02   4.8500000e+02
   3.8030000e+02   2.1100000e+02
   3.8070000e+02   9.8600000e+02
   3.8080000e+02   2.2400000e+02
   3.8110000e+02   4.9400000e+02
   3.8150000e+02   6.1900000e+02
   3.8160000e+02   5.0900000e+02
   3.8170000e+02   7.9000000e+01
   3.8180000e+02   6.0700000e+02
   3.8270000e+02   3.0000000e+02
   3.8290000e+02   8.6600000e+02
   3.8320000e+02   1.8900000e+02
   3.8390000e+02   2.6300000e+02
   3.8450000e+02   9.0300000e+02
   3.8500000e+02   4.4400000e+02
   3.8570000e+02   1.2900000e+02
   3.8570000e+02   5.0700000e+02
   3.8580000e+02   3.2800000e+02
   3.8630000e+02   1.0200000e+02
   3.8630000e+02   3.0100000e+02
   3.8670000e+02   3.1600000e+02
   3.8690000e+02   9.4200000e+02
   3.8710000e+02   8.1900000e+02
   3.8720000e+02   2.6100000e+02
   3.8720000e+02   3.1800000e+02
   3.8780000e+02   8.0800000e+02
   3.8810000e+02   3.6100000e+02
   3.8810000e+02   6.5600000e+02
   3.8840000e+02   3.6100000e+02
   3.8870000e+02   4.1700000e+02
   3.8900000e+02   9.4900000e+02
   3.9000000e+02   3.7000000e+02
   3.9050000e+02   6.0000000e+01
   3.9070000e+02   9.9300000e+02
   3.9120000e+02   5.7000000e+02
   3.9180000e+02   8.0900000e+02
   3.9190000e+02   1.3700000e+02
   3.9190000e+02   4.5000000e+02
   3.9200000e+02   5.8100000e+02
   3.9260000e+02   1.1400000e+02
   3.9260000e+02   6.1100000e+02
   3.9270000e+02   5.9300000e+02
   3.9330000e+02   9.3100000e+02
   3.9400000e+02   3.3000000e+01
   3.9480000e+02   8.0000000e+00
   3.9490000e+02   3.6600000e+02
   3.9520000e+02   9.4200000e+02
   3.9550000e+02   8.6000000e+01
   3.9560000e+02   1.3100000e+02
   3.9650000e+02   1.0600000e+02
   3.9650000e+02   2.8800000e+02
   3.9710000e+02   9.1000000e+02
   3.9840000e+02   8.5000000e+01
   3.9880000e+02   8.2300000e+02
   3.9890000e+02   3.6600000e+02
   3.9910000e+02   6.8300000e+02
   3.9940000e+02   5.6000000e+01
   3.9950000e+02   6.2900000e+02
   3.9970000e+02   7.2700000e+02
   3.9980000e+02   2.6400000e+02
   4.0010000e+02   9.8700000e+02
   4.0050000e+02   2.5000000e+02
   4.0070000e+02   4.2200000e+02
   4.0080000e+02   1.5700000e+02
   4.0080000e+02   2.1700000e+02
   4.0130000e+02   7.1000000e+01
   4.0130000e+02   2.4300000e+02
   4.0130000e+02   8.7100000e+02
   4.0160000e+02   3.7700000e+02
   4.0160000e+02   3.8100000e+02
   4.0170000e+02   6.0700000e+02
   4.0180000e+02   9.3000000e+02
   4.0210000e+02   3.3500000e+02
   4.0220000e+02   4.9600000e+02
   4.0230000e+02   9.4800000e+02
   4.0270000e+02   1.5100000e+02
   4.0350000e+02   4.6000000e+01
   4.0360000e+02   5.8700000e+02
   4.0440000e+02   2.1800000e+02
   4.0440000e+02   2.2700000e+02
   4.0520000e+02   6.9300000e+02
   4.0540000e+02   1.2700000e+02
   4.0540000e+02   9.8900000e+02
   4.0560000e+02   3.0000000e+00
   4.0630000e+02   8.4000000e+01
   4.0640000e+02   5.1900000e+02
   4.0690000e+02   7.1600000e+02
   4.0720000e+02   9.6200000e+02
   4.0740000e+02   6.0900000e+02
   4.0740000e+02   8.7300000e+02
   4.0750000e+02   9.9800000e+02
   4.0790000e+02   3.2000000e+01
   4.0790000e+02   8.4000000e+01
   4.0830000e+02   7.2000000e+02
   4.0850000e+02   4.8900000e+02
   4.0860000e+02   1.7900000e+02
   4.0900000e+02   8.5700000e+02
   4.0910000e+02   4.8400000e+02
   4.0940000e+02   1.8300000e+02
   4.0960000e+02   4.0000000e+02
   4.0990000e+02   3.0900000e+02
   4.1080000e+02   7.4000000e+01
   4.1130000e+02   6.6300000e+02
   4.1150000e+02   7.0700000e+02
   4.1170000e+02   1.9900000e+02
   4.1200000e+02   5.1800000e+02
   4.1230000e+02   2.3200000e+02
   4.1290000e+02   4.1000000e+01
   4.1290000e+02   1.7700000e+02
   4.1290000e+02   7.4000000e+02
   4.1350000e+02   2.8600000e+02
   4.1370000e+02   6.7900000e+02
   4.1420000e+02   2.9000000e+02
   4.1490000e+02   3.8600000e+02
   4.1500000e+02   4.2000000e+01
   4.1530000e+02   1.3100000e+02
   4.1530000e+02   9.7400000e+02
   4.1550000e+02   1.4400000e+02
   4.1570000e+02   8.5000000e+01
   4.1610000e+02   1.5000000e+01
   4.1630000e+02   5.5000000e+01
   4.1630000e+02   5.3500000e+02
   4.1640000e+02   4.6400000e+02
   4.1710000e+02   7.6200000e+02
   4.1750000e+02   3.4500000e+02
   4.1770000e+02   5.5400000e+02
   4.1780000e+02   5.0000000e+01
   4.1810000e+02   7.0100000e+02
   4.1830000e+02   1.7200000e+02
   4.1880000e+02   6.5400000e+02
   4.1910000e+02   6.2300000e+02
   4.1930000e+02   5.4400000e+02
   4.1950000e+02   4.5700000e+02
   4.1970000e+02   1.9300000e+02
   4.1980000e+02   1.1700000e+02
   4.2060000e+02   4.3900000e+02
   4.2170000e+02   6.8200000e+02
   4.2230000e+02   8.0800000e+02
   4.2260000e+02   8.3400000e+02
   4.2360000e+02   8.7500000e+02
   4.2390000e+02   9.5900000e+02
   4.2440000e+02   3.1600000e+02
   4.2540000e+02   3.1300000e+02
   4.2540000e+02   9.3600000e+02
   4.2560000e+02   9.2900000e+02
   4.2570000e+02   6.5000000e+01
   4.2580000e+02   8.7600000e+02
   4.2640000e+02   4.9300000e+02
   4.2640000e+02   6.8200000e+02
   4.2640000e+02   9.0500000e+02
   4.2650000e+02   3.0000000e+01
   4.2660000e+02   2.6900000e+02
   4.2660000e+02   5.8700000e+02
   4.2700000e+02   9.3200000e+02
   4.2740000e+02   3.6300000e+02
   4.2750000e+02   1.9500000e+02
   4.2790000e+02   2.1600000e+02
   4.2790000e+02   7.3800000e+02
   4.2830000e+02   4.7600000e+02
   4.2840000e+02   8.6500000e+02
   4.2920000e+02   5.0000000e+01
   4.2930000e+02   4.5200000e+02
   4.2950000e+02   8.7100000e+02
   4.2960000e+02   6.2800000e+02
   4.2970000e+02   3.3000000e+02
   4.3020000e+02   4.7000000e+02
   4.3050000e+02   8.1500000e+02
   4.3070000e+02   1.5900000e+02
   4.3140000e+02   4.1700000e+02
   4.3170000e+02   7.9200000e+02
   4.3180000e+02   1.4800000e+02
   4.3230000e+02   6.3000000e+01
   4.3280000e+02   6.0000000e+00
   4.3290000e+02   7.5000000e+01
   4.3360000e+02   1.9500000e+02
   4.3360000e+02   6.1500000e+02
   4.3410000e+02   6.6300000e+02
   4.3440000e+02   8.1500000e+02
   4.3470000e+02   4.3900000e+02
   4.3500000e+02   4.1100000e+02
   4.3510000e+02   7.9000000e+01
   4.3510000e+02   4.3400000e+02
   4.3530000e+02   4.1400000e+02
   4.3530000e+02   7.3100000e+02
   4.3570000e+02   4.1800000e+02
   4.3580000e+02   2.8100000e+02
   4.3590000e+02   2.5900000e+02
   4.3620000e+02   1.3600000e+02
   4.3640000e+02   4.2400000e+02
   4.3650000e+02   3.9300000e+02
   4.3680000e+02   3.4600000e+02
   4.3720000e+02   4.5500000e+02
   4.3780000e+02   3.9400000e+02
   4.3780000e+02   4.6400000e+02
   4.3800000e+02   7.4000000e+02
   4.3810000e+02   6.9100000e+02
   4.3830000e+02   1.1700000e+02
   4.3840000e+02   1.3700000e+02
   4.3840000e+02   2.6800000e+02
   4.3880000e+02   4.7700000e+02
   4.3880000e+02   8.5400000e+02
   4.3920000e+02   7.6500000e+02
   4.3950000e+02   7.3900000e+02
   4.3990000e+02   1.9800000e+02
   4.3990000e+02   8.6700000e+02
   4.4010000e+02   4.2000000e+01
   4.4010000e+02   1.4900000e+02
   4.4010000e+02   1.8900000e+02
   4.4020000e+02   3.5000000e+01
   4.4030000e+02   3.9400000e+02
   4.4050000e+02   4.0200000e+02
   4.4050000e+02   6.8800000e+02
   4.4070000e+02   2.6400000e+02
   4.4080000e+02   3.8400000e+02
   4.4100000e+02   5.7700000e+02
   4.4110000e+02   3.5300000e+02
   4.4140000e+02   6.6700000e+02
   4.4160000e+02   3.7800000e+02
   4.4180000e+02   2.9400000e+02
   4.4210000e+02   7.0000000e+00
   4.4230000e+02   7.3100000e+02
   4.4260000e+02   8.8700000e+02
   4.4350000e+02   4.0700000e+02
   4.4350000e+02   8.9700000e+02
   4.4370000e+02   4.0000000e+02
   4.4390000e+02   9.1500000e+02
   4.4420000e+02   4.5900000e+02
   4.4430000e+02   1.1800000e+02
   4.4430000e+02   1.5700000e+02
   4.4430000e+02   9.1800000e+02
   4.4460000e+02   8.0900000e+02
   4.4480000e+02   5.9200000e+02
   4.4510000e+02   7.1300000e+02
   4.4530000e+02   5.5800000e+02
   4.4530000e+02   8.2900000e+02
   4.4560000e+02   9.1100000e+02
   4.4570000e+02   8.5000000e+02
   4.4580000e+02   5.6000000e+02
   4.4600000e+02   7.7800000e+02
   4.4600000e+02   9.4900000e+02
   4.4670000e+02   8.6000000e+01
   4.4670000e+02   9.1500000e+02
   4.4690000e+02   7.1300000e+02
   4.4690000e+02   9.5700000e+02
   4.4700000e+02   7.7800000e+02
   4.4740000e+02   1.4100000e+02
   4.4760000e+02   4.4000000e+02
   4.4770000e+02   1.4800000e+02
   4.4770000e+02   7.2100000e+02
   4.4790000e+02   8.4000000e+01
   4.4830000e+02   2.9000000e+02
   4.4830000e+02   8.3900000e+02
   4.4840000e+02   1.8600000e+02
   4.4870000e+02   5.5400000e+02
   4.4880000e+02   3.4800000e+02
   4.4910000e+02   1.3500000e+02
   4.4930000e+02   3.2000000e+01
   4.4930000e+02   9.9400000e+02
   4.4940000e+02   4.1400000e+02
   4.4950000e+02   5.6200000e+02
   4.5000000e+02   8.3600000e+02
   4.5040000e+02   3.9700000e+02
   4.5040000e+02   8.9300000e+02
   4.5080000e+02   8.0000000e+01
   4.5080000e+02   4.6900000e+02
   4.5100000e+02   9.9000000e+01
   4.5100000e+02   2.7900000e+02
   4.5140000e+02   2.0000000e+01
   4.5140000e+02   2.6500000e+02
   4.5200000e+02   4.3000000e+01
   4.5200000e+02   8.6900000e+02
   4.5210000e+02   3.6100000e+02
   4.5240000e+02   3.0000000e+02
   4.5280000e+02   3.6300000e+02
   4.5280000e+02   8.0600000e+02
   4.5300000e+02   3.2100000e+02
   4.5340000e+02   8.9200000e+02
   4.5380000e+02   3.5200000e+02
   4.5430000e+02   3.5500000e+02
   4.5530000e+02   8.1300000e+02
   4.5550000e+02   3.6100000e+02
   4.5570000e+02   5.5400000e+02
   4.5660000e+02   5.4200000e+02
   4.5660000e+02   6.9000000e+02
   4.5670000e+02   2.7900000e+02
   4.5700000e+02   6.8300000e+02
   4.5710000e+02   4.1000000e+01
   4.5740000e+02   8.2700000e+02
   4.5800000e+02   1.8500000e+02
   4.5800000e+02   6.0100000e+02
   4.5810000e+02   4.1300000e+02
   4.5880000e+02   5.7100000e+02
   4.5880000e+02   6.9900000e+02
   4.5900000e+02   3.4000000e+02
   4.5920000e+02   3.9100000e+02
   4.5960000e+02   9.8300000e+02
   4.6070000e+02   6.0800000e+02
   4.6090000e+02   4.2300000e+02
   4.6090000e+02   6.3100000e+02
   4.6150000e+02   2.2500000e+02
   4.6160000e+02   5.5400000e+02
   4.6210000e+02   6.7100000e+02
   4.6240000e+02   9.7800000e+02
   4.6270000e+02   6.8600000e+02
   4.6310000e+02   4.0000000e+00
   4.6320000e+02   8.3000000e+01
   4.6320000e+02   6.3100000e+02
   4.6350000e+02   7.2000000e+01
   4.6400000e+02   5.7600000e+02
   4.6420000e+02   7.3400000e+02
   4.6430000e+02   5.2000000e+01
   4.6440000e+02   1.2000000e+02
   4.6510000e+02   4.4600000e+02
   4.6630000e+02   4.8900000e+02
   4.6650000e+02   5.8000000e+01
   4.6660000e+02   4.4900000e+02
   4.6670000e+02   3.3200000e+02
   4.6710000e+02   4.4000000e+01
   4.6770000e+02   2.1200000e+02
   4.6780000e+02   4.5000000e+01
   4.6780000e+02   5.1000000e+01
   4.6790000e+02   3.3100000e+02
   4.6800000e+02   7.0500000e+02
   4.6810000e+02   3.5000000e+01
   4.6870000e+02   6.6700000e+02
   4.6940000e+02   3.7900000e+02
   4.6940000e+02   8.4400000e+02
   4.6950000e+02   2.4600000e+02
   4.6950000e+02   7.2100000e+02
   4.6970000e+02   4.4200000e+02
   4.6970000e+02   5.4700000e+02
   4.7020000e+02   4.9900000e+02
   4.7030000e+02   3.8100000e+02
   4.7030000e+02   9.9100000e+02
   4.7070000e+02   1.8100000e+02
   4.7090000e+02   1.4500000e+02
   4.7170000e+02   9.9000000e+01
   4.7170000e+02   2.1900000e+02
   4.7180000e+02   4.4600000e+02
   4.7200000e+02   9.0700000e+02
   4.7210000e+02   7.6400000e+02
   4.7240000e+02   3.2100000e+02
   4.7250000e+02   1.8700000e+02
   4.7250000e+02   3.9800000e+02
   4.7250000e+02   4.6900000e+02
   4.7260000e+02   3.8300000e+02
   4.7270000e+02   8.5800000e+02
   4.7290000e+02   6.9400000e+02
   4.7310000e+02   9.8300000e+02
   4.7320000e+02   7.4100000e+02
   4.7320000e+02   8.6400000e+02
   4.7330000e+02   4.4600000e+02
   4.7400000e+02   1.1700000e+02
   4.7440000e+02   9.9700000e+02
   4.7460000e+02   4.3300000e+02
   4.7530000e+02   6.6900000e+02
   4.7550000e+02   3.3500000e+02
   4.7580000e+02   8.9800000e+02
   4.7620000e+02   3.0500000e+02
   4.7620000e+02   9.9800000e+02
   4.7650000e+02   7.5600000e+02
   4.7680000e+02   4.2800000e+02
   4.7710000e+02   2.2600000e+02
   4.7710000e+02   7.1100000e+02
   4.7810000e+02   3.4500000e+02
   4.7830000e+02   2.3900000e+02
   4.7840000e+02   2.3400000e+02
   4.7860000e+02   7.2400000e+02
   4.7870000e+02   8.9200000e+02
   4.7900000e+02   4.1000000e+02
   4.7900000e+02   4.6200000e+02
   4.7920000e+02   1.7800000e+02
   4.7930000e+02   5.0800000e+02
   4.7940000e+02   8.9400000e+02
   4.7970000e+02   4.7300000e+02
   4.7980000e+02   7.8000000e+02
   4.7990000e+02   1.3100000e+02
   4.8000000e+02   2.7500000e+02
   4.8060000e+02   8.3200000e+02
   4.8080000e+02   2.2800000e+02
   4.8130000e+02   7.6800000e+02
   4.8190000e+02   8.1200000e+02
   4.8200000e+02   4.7400000e+02
   4.8260000e+02   3.4100000e+02
   4.8260000e+02   8.2200000e+02
   4.8280000e+02   2.1200000e+02
   4.8330000e+02   4.2900000e+02
   4.8360000e+02   1.9000000e+02
   4.8380000e+02   7.4600000e+02
   4.8390000e+02   2.2800000e+02
   4.8510000e+02   4.5800000e+02
   4.8570000e+02   2.8000000e+01
   4.8650000e+02   8.5400000e+02
   4.8680000e+02   4.1600000e+02
   4.8700000e+02   5.3800000e+02
   4.8780000e+02   5.5200000e+02
   4.8800000e+02   9.2400000e+02
   4.8820000e+02   3.4300000e+02
   4.8920000e+02   9.3000000e+02
   4.8960000e+02   2.0000000e+00
   4.8960000e+02   4.9300000e+02
   4.8980000e+02   9.5300000e+02
   4.9030000e+02   3.8900000e+02
   4.9050000e+02   8.7800000e+02
   4.9080000e+02   3.3600000e+02
   4.9130000e+02   1.4900000e+02
   4.9160000e+02   1.2500000e+02
   4.9170000e+02   6.5800000e+02
   4.9190000e+02   9.2700000e+02
   4.9200000e+02   5.8300000e+02
   4.9360000e+02   1.6000000e+02
   4.9370000e+02   3.0700000e+02
   4.9410000e+02   2.8800000e+02
   4.9470000e+02   6.4500000e+02
   4.9500000e+02   2.2600000e+02
   4.9530000e+02   1.2500000e+02
   4.9570000e+02   1.1600000e+02
   4.9570000e+02   5.7900000e+02
   4.9590000e+02   7.4400000e+02
   4.9610000e+02   1.9200000e+02
   4.9620000e+02   3.1500000e+02
   4.9630000e+02   4.6200000e+02
   4.9660000e+02   2.6600000e+02
   4.9690000e+02   7.3000000e+01
   4.9710000e+02   9.4500000e+02
   4.9790000e+02   7.8200000e+02
   4.9870000e+02   1.8800000e+02
   4.9880000e+02   6.4400000e+02
   4.9910000e+02   6.6100000e+02
   4.9970000e+02   2.5400000e+02
   5.0030000e+02   8.3300000e+02
   5.0090000e+02   1.3900000e+02
   5.0170000e+02   9.8800000e+02
   5.0190000e+02   7.6200000e+02
   5.0240000e+02   7.4600000e+02
   5.0390000e+02   2.1300000e+02
   5.0410000e+02   2.9500000e+02
   5.0440000e+02   6.5300000e+02
   5.0470000e+02   3.1600000e+02
   5.0470000e+02   4.7700000e+02
   5.0570000e+02   3.6600000e+02
   5.0700000e+02   8.3800000e+02
   5.0710000e+02   6.9300000e+02
   5.0750000e+02   4.9100000e+02
   5.0800000e+02   1.3400000e+02
   5.0800000e+02   4.3300000e+02
   5.0820000e+02   3.1500000e+02
   5.0910000e+02   8.2400000e+02
   5.1070000e+02   7.3200000e+02
   5.1080000e+02   7.8000000e+01
   5.1200000e+02   8.4600000e+02
   5.1260000e+02   1.3000000e+02
   5.1310000e+02   6.1000000e+02
   5.1320000e+02   4.4400000e+02
   5.1340000e+02   5.1000000e+01
   5.1400000e+02   6.8200000e+02
   5.1420000e+02   3.8500000e+02
   5.1580000e+02   8.7200000e+02
   5.1680000e+02   9.8600000e+02
   5.1730000e+02   3.6000000e+01
   5.1800000e+02   6.0900000e+02
   5.1840000e+02   5.0400000e+02
   5.1850000e+02   8.7300000e+02
   5.1950000e+02   2.3900000e+02
   5.1970000e+02   9.4900000e+02
   5.2020000e+02   8.8400000e+02
   5.2140000e+02   6.7900000e+02
   5.2140000e+02   9.4700000e+02
   5.2150000e+02   1.9600000e+02
   5.2180000e+02   4.3200000e+02
   5.2180000e+02   8.9800000e+02
   5.2270000e+02   5.2900000e+02
   5.2300000e+02   1.8000000e+02
   5.2400000e+02   2.1600000e+02
   5.2420000e+02   3.5700000e+02
   5.2430000e+02   3.6600000e+02
   5.2430000e+02   6.9100000e+02
   5.2460000e+02   7.6700000e+02
   5.2490000e+02   9.5300000e+02
   5.2570000e+02   9.6500000e+02
   5.2580000e+02   7.4000000e+01
   5.2580000e+02   6.8700000e+02
   5.2580000e+02   9.5600000e+02
   5.2590000e+02   1.3300000e+02
   5.2600000e+02   3.9700000e+02
   5.2930000e+02   7.4600000e+02
   5.2950000e+02   9.7000000e+02
   5.2970000e+02   5.2300000e+02
   5.2980000e+02   3.1700000e+02
   5.2980000e+02   4.8100000e+02
   5.3020000e+02   6.4000000e+02
   5.3090000e+02   5.6100000e+02
   5.3110000e+02   8.5500000e+02
   5.3170000e+02   2.4000000e+01
   5.3210000e+02   2.3300000e+02
   5.3220000e+02   9.5000000e+02
   5.3230000e+02   6.0000000e+01
   5.3230000e+02   2.0200000e+02
   5.3240000e+02   3.0000000e+02
   5.3290000e+02   6.6200000e+02
   5.3340000e+02   1.1500000e+02
   5.3350000e+02   9.2400000e+02
   5.3410000e+02   7.4800000e+02
   5.3470000e+02   4.6800000e+02
   5.3520000e+02   6.2400000e+02
   5.3660000e+02   4.4500000e+02
   5.3680000e+02   3.5000000e+02
   5.3680000e+02   6.9400000e+02
   5.3780000e+02   8.2000000e+01
   5.3780000e+02   5.1600000e+02
   5.3790000e+02   6.1400000e+02
   5.3800000e+02   6.5000000e+02
   5.3870000e+02   1.2600000e+02
   5.3870000e+02   4.1400000e+02
   5.3890000e+02   2.6400000e+02
   5.3930000e+02   9.2300000e+02
   5.3990000e+02   4.9000000e+02
   5.4100000e+02   5.0000000e+01
   5.4260000e+02   8.7600000e+02
   5.4270000e+02   5.4500000e+02
   5.4320000e+02   9.2300000e+02
   5.4440000e+02   5.9300000e+02
   5.4470000e+02   7.7500000e+02
   5.4580000e+02   9.1700000e+02
   5.4590000e+02   2.0000000e+02
   5.4730000e+02   4.1000000e+02
   5.4820000e+02   2.3700000e+02
   5.4880000e+02   9.0000000e+00
   5.5050000e+02   6.3000000e+02
   5.5130000e+02   3.4000000e+01
   5.5140000e+02   6.7900000e+02
   5.5190000e+02   8.3000000e+01
   5.5210000e+02   7.2300000e+02
   5.5230000e+02   6.5200000e+02
   5.5320000e+02   6.3100000e+02
   5.5410000e+02   3.6300000e+02
   5.5460000e+02   5.3900000e+02
   5.5460000e+02   6.7300000e+02
   5.5480000e+02   6.2200000e+02
   5.5530000e+02   9.6800000e+02
   5.5650000e+02   5.3600000e+02
   5.5670000e+02   6.7600000e+02
   5.5760000e+02   4.8000000e+01
   5.5800000e+02   7.1100000e+02
   5.5810000e+02   6.6200000e+02
   5.5890000e+02   4.2400000e+02
   5.5940000e+02   6.3600000e+02
   5.6080000e+02   5.0700000e+02
   5.6130000e+02   6.2000000e+02
   5.6130000e+02   8.8000000e+02
   5.6270000e+02   6.8300000e+02
   5.6300000e+02   9.1700000e+02
   5.6340000e+02   8.7200000e+02
   5.6350000e+02   2.7600000e+02
   5.6450000e+02   1.6000000e+01
   5.6670000e+02   1.2900000e+02
   5.6670000e+02   2.1500000e+02
   5.6700000e+02   6.2500000e+02
   5.6710000e+02   8.7100000e+02
   5.6720000e+02   3.2200000e+02
   5.6770000e+02   7.6100000e+02
   5.6800000e+02   6.9200000e+02
   5.6870000e+02   1.5900000e+02
   5.6890000e+02   4.1700000e+02
   5.7010000e+02   8.3700000e+02
   5.7110000e+02   7.1100000e+02
   5.7300000e+02   4.5000000e+01
   5.7310000e+02   4.8800000e+02
   5.7320000e+02   2.3600000e+02
   5.7350000e+02   3.1000000e+02
   5.7410000e+02   3.0300000e+02
   5.7630000e+02   2.5000000e+01
   5.7650000e+02   2.4000000e+02
   5.7680000e+02   8.1000000e+01
   5.7720000e+02   3.3700000e+02
   5.7730000e+02   8.9700000e+02
   5.7780000e+02   1.6800000e+02
   5.7780000e+02   8.4200000e+02
   5.7820000e+02   1.6500000e+02
   5.7830000e+02   6.1200000e+02
   5.7860000e+02   7.9000000e+02
   5.7900000e+02   1.0400000e+02
   5.7900000e+02   6.3100000e+02
   5.7970000e+02   9.0500000e+02
   5.7980000e+02   2.8200000e+02
   5.8010000e+02   1.4700000e+02
   5.8010000e+02   5.5000000e+02
   5.8030000e+02   9.4200000e+02
   5.8040000e+02   6.4500000e+02
   5.8120000e+02   8.7800000e+02
   5.8140000e+02   6.7700000e+02
   5.8180000e+02   4.6600000e+02
   5.8200000e+02   1.4500000e+02
   5.8210000e+02   5.4600000e+02
   5.8210000e+02   7.2200000e+02
   5.8260000e+02   5.1100000e+02
   5.8290000e+02   5.9000000e+01
   5.8300000e+02   4.4500000e+02
   5.8300000e+02   6.0500000e+02
   5.8340000e+02   4.8900000e+02
   5.8380000e+02   1.1800000e+02
   5.8410000e+02   6.9900000e+02
   5.8430000e+02   5.1800000e+02
   5.8440000e+02   1.2900000e+02
   5.8440000e+02   3.9500000e+02
   5.8450000e+02   8.8400000e+02
   5.8480000e+02   4.7200000e+02
   5.8480000e+02   6.4700000e+02
   5.8590000e+02   9.7900000e+02
   5.8600000e+02   2.4000000e+02
   5.8620000e+02   9.9200000e+02
   5.8690000e+02   2.9900000e+02
   5.8700000e+02   9.8100000e+02
   5.8770000e+02   6.1900000e+02
   5.8860000e+02   5.1500000e+02
   5.8900000e+02   8.4500000e+02
   5.8930000e+02   4.0000000e+00
   5.8930000e+02   1.1200000e+02
   5.8950000e+02   7.3300000e+02
   5.9040000e+02   9.2700000e+02
   5.9050000e+02   5.3600000e+02
   5.9070000e+02   1.9900000e+02
   5.9080000e+02   9.6200000e+02
   5.9090000e+02   3.9900000e+02
   5.9200000e+02   2.5700000e+02
   5.9210000e+02   8.7000000e+02
   5.9230000e+02   7.9400000e+02
   5.9320000e+02   8.3400000e+02
   5.9340000e+02   8.6000000e+01
   5.9360000e+02   2.4400000e+02
   5.9380000e+02   3.6500000e+02
   5.9390000e+02   3.3900000e+02
   5.9410000e+02   1.5600000e+02
   5.9440000e+02   1.3000000e+01
   5.9520000e+02   6.3200000e+02
   5.9520000e+02   7.3000000e+02
   5.9550000e+02   7.7100000e+02
   5.9600000e+02   9.4400000e+02
   5.9610000e+02   9.0000000e+00
   5.9630000e+02   4.9000000e+02
   5.9640000e+02   9.4000000e+01
   5.9640000e+02   7.8600000e+02
   5.9650000e+02   9.7800000e+02
   5.9680000e+02   8.1400000e+02
   5.9710000e+02   4.5300000e+02
   5.9760000e+02   1.1600000e+02
   5.9780000e+02   4.5900000e+02
   5.9830000e+02   1.1600000e+02
   5.9830000e+02   9.9000000e+02
   5.9850000e+02   7.0700000e+02
   5.9910000e+02   8.3900000e+02
   5.9920000e+02   3.6600000e+02
   5.9930000e+02   4.3200000e+02
   6.0000000e+02   5.6800000e+02
   6.0020000e+02   9.5000000e+01
   6.0040000e+02   4.8300000e+02
   6.0060000e+02   8.4800000e+02
   6.0120000e+02   2.1600000e+02
   6.0180000e+02   8.2200000e+02
   6.0190000e+02   1.5900000e+02
   6.0200000e+02   2.2000000e+02
   6.0200000e+02   9.3800000e+02
   6.0230000e+02   1.7500000e+02
   6.0350000e+02   7.6500000e+02
   6.0370000e+02   7.1500000e+02
   6.0550000e+02   8.8100000e+02
   6.0590000e+02   3.6900000e+02
   6.0610000e+02   8.1100000e+02
   6.0620000e+02   9.3300000e+02
   6.0700000e+02   5.0900000e+02
   6.0740000e+02   3.8500000e+02
   6.0760000e+02   1.8300000e+02
   6.0850000e+02   1.9500000e+02
   6.0850000e+02   9.1000000e+02
   6.0890000e+02   9.0100000e+02
   6.0900000e+02   3.6900000e+02
   6.0980000e+02   3.2800000e+02
   6.1020000e+02   7.1300000e+02
   6.1030000e+02   2.4700000e+02
   6.1040000e+02   4.5000000e+02
   6.1060000e+02   3.6700000e+02
   6.1060000e+02   3.8900000e+02
   6.1090000e+02   3.3500000e+02
   6.1110000e+02   4.0700000e+02
   6.1130000e+02   4.2400000e+02
   6.1190000e+02   1.2000000e+02
   6.1270000e+02   3.3800000e+02
   6.1290000e+02   1.7300000e+02
   6.1310000e+02   8.3500000e+02
   6.1370000e+02   2.3400000e+02
   6.1420000e+02   9.6000000e+01
   6.1420000e+02   4.2100000e+02
   6.1460000e+02   2.2700000e+02
   6.1500000e+02   3.4400000e+02
   6.1530000e+02   1.0500000e+02
   6.1540000e+02   6.2000000e+02
   6.1580000e+02   7.1700000e+02
   6.1610000e+02   4.7700000e+02
   6.1650000e+02   2.0000000e+02
   6.1740000e+02   6.0000000e+01
   6.1770000e+02   4.1100000e+02
   6.1820000e+02   6.5500000e+02
   6.1840000e+02   8.1000000e+01
   6.1870000e+02   1.8500000e+02
   6.1870000e+02   5.6900000e+02
   6.1920000e+02   4.2900000e+02
   6.1940000e+02   1.4600000e+02
   6.1940000e+02   2.1300000e+02
   6.1950000e+02   5.7000000e+01
   6.2000000e+02   4.5100000e+02
   6.2010000e+02   4.8000000e+02
   6.2010000e+02   6.3900000e+02
   6.2010000e+02   9.0400000e+02
   6.2030000e+02   1.5800000e+02
   6.2070000e+02   2.6100000e+02
   6.2080000e+02   4.9700000e+02
   6.2130000e+02   3.1900000e+02
   6.2180000e+02   3.9300000e+02
   6.2190000e+02   8.2100000e+02
   6.2270000e+02   4.6100000e+02
   6.2310000e+02   4.9200000e+02
   6.2310000e+02   6.0800000e+02
   6.2310000e+02   6.6500000e+02
   6.2320000e+02   6.8600000e+02
   6.2350000e+02   5.8000000e+01
   6.2350000e+02   9.4000000e+02
   6.2370000e+02   1.4000000e+02
   6.2380000e+02   7.4000000e+01
   6.2390000e+02   3.0300000e+02
   6.2420000e+02   7.9400000e+02
   6.2420000e+02   9.9000000e+02
   6.2430000e+02   1.4400000e+02
   6.2460000e+02   9.6500000e+02
   6.2550000e+02   6.1500000e+02
   6.2580000e+02   3.9900000e+02
   6.2600000e+02   8.3500000e+02
   6.2660000e+02   4.0700000e+02
   6.2660000e+02   8.0000000e+02
   6.2700000e+02   7.5000000e+02
   6.2710000e+02   7.9500000e+02
   6.2720000e+02   1.0000000e+02
   6.2730000e+02   4.6000000e+02
   6.2780000e+02   3.2200000e+02
   6.2810000e+02   2.1200000e+02
   6.2820000e+02   4.3800000e+02
   6.2870000e+02   0.0000000e+00
   6.2870000e+02   3.9700000e+02
   6.2900000e+02   5.9000000e+02
   6.2900000e+02   9.1900000e+02
   6.2940000e+02   2.9000000e+02
   6.2940000e+02   6.6300000e+02
   6.2950000e+02   4.0000000e+01
   6.2950000e+02   3.9600000e+02
   6.2980000e+02   1.5500000e+02
   6.2990000e+02   7.4700000e+02
   6.3000000e+02   7.0900000e+02
   6.3030000e+02   3.8800000e+02
   6.3060000e+02   8.9000000e+01
   6.3060000e+02   7.3400000e+02
   6.3090000e+02   2.2100000e+02
   6.3120000e+02   2.5000000e+01
   6.3120000e+02   1.6300000e+02
   6.3130000e+02   1.1600000e+02
   6.3130000e+02   1.6700000e+02
   6.3130000e+02   5.1600000e+02
   6.3130000e+02   9.8400000e+02
   6.3140000e+02   6.5900000e+02
   6.3150000e+02   2.7300000e+02
   6.3180000e+02   3.6000000e+02
   6.3190000e+02   6.9800000e+02
   6.3200000e+02   1.0000000e+01
   6.3210000e+02   8.5900000e+02
   6.3220000e+02   1.7000000e+01
   6.3250000e+02   3.1000000e+01
   6.3270000e+02   7.0500000e+02
   6.3350000e+02   9.8500000e+02
   6.3360000e+02   4.3000000e+01
   6.3370000e+02   2.1500000e+02
   6.3420000e+02   1.8200000e+02
   6.3430000e+02   9.4000000e+02
   6.3480000e+02   7.3400000e+02
   6.3480000e+02   9.8900000e+02
   6.3490000e+02   1.3000000e+01
   6.3520000e+02   9.3600000e+02
   6.3580000e+02   5.8000000e+02
   6.3590000e+02   3.8000000e+01
   6.3650000e+02   9.7300000e+02
   6.3750000e+02   3.0000000e+02
   6.3760000e+02   8.6800000e+02
   6.3760000e+02   8.6900000e+02
   6.3780000e+02   4.1000000e+01
   6.3810000e+02   4.9900000e+02
   6.3820000e+02   5.5600000e+02
   6.3840000e+02   4.8200000e+02
   6.3850000e+02   2.4200000e+02
   6.3850000e+02   7.7600000e+02
   6.3950000e+02   1.5700000e+02
   6.3950000e+02   7.8500000e+02
   6.3960000e+02   9.0300000e+02
   6.3990000e+02   6.7400000e+02
   6.4010000e+02   6.9900000e+02
   6.4030000e+02   8.7200000e+02
   6.4070000e+02   8.3000000e+01
   6.4070000e+02   7.5200000e+02
   6.4100000e+02   9.8500000e+02
   6.4160000e+02   2.8100000e+02
   6.4160000e+02   7.4100000e+02
   6.4200000e+02   1.8700000e+02
   6.4200000e+02   6.9300000e+02
   6.4210000e+02   6.5300000e+02
   6.4270000e+02   4.7200000e+02
   6.4290000e+02   9.9600000e+02
   6.4300000e+02   7.4700000e+02
   6.4340000e+02   1.2600000e+02
   6.4390000e+02   2.9700000e+02
   6.4410000e+02   6.3500000e+02
   6.4410000e+02   7.8700000e+02
   6.4420000e+02   4.9800000e+02
   6.4450000e+02   8.1600000e+02
   6.4460000e+02   9.6300000e+02
   6.4480000e+02   2.5700000e+02
   6.4490000e+02   9.2200000e+02
   6.4550000e+02   5.3500000e+02
   6.4580000e+02   7.6000000e+02
   6.4590000e+02   9.5600000e+02
   6.4610000e+02   5.0800000e+02
   6.4610000e+02   5.9600000e+02
   6.4650000e+02   7.9800000e+02
   6.4670000e+02   5.1000000e+02
   6.4690000e+02   5.0000000e+00
   6.4740000e+02   1.9300000e+02
   6.4740000e+02   5.8500000e+02
   6.4770000e+02   3.2900000e+02
   6.4810000e+02   3.6400000e+02
   6.4810000e+02   6.3300000e+02
   6.4880000e+02   1.9600000e+02
   6.4920000e+02   5.1600000e+02
   6.4920000e+02   5.9000000e+02
   6.4970000e+02   8.9500000e+02
   6.5070000e+02   4.8200000e+02
   6.5080000e+02   9.4400000e+02
   6.5140000e+02   7.3000000e+01
   6.5200000e+02   2.2000000e+02
   6.5210000e+02   1.2100000e+02
   6.5220000e+02   8.6600000e+02
   6.5290000e+02   5.1200000e+02
   6.5300000e+02   3.5100000e+02
   6.5300000e+02   4.3100000e+02
   6.5310000e+02   4.3500000e+02
   6.5330000e+02   1.6300000e+02
   6.5340000e+02   6.7400000e+02
   6.5360000e+02   3.9000000e+02
   6.5390000e+02   6.8500000e+02
   6.5390000e+02   9.3400000e+02
   6.5400000e+02   2.5100000e+02
   6.5430000e+02   1.9400000e+02
   6.5590000e+02   1.9100000e+02
   6.5600000e+02   5.3100000e+02
   6.5660000e+02   4.7100000e+02
   6.5680000e+02   9.0700000e+02
   6.5710000e+02   5.8300000e+02
   6.5730000e+02   1.8900000e+02
   6.5750000e+02   6.6800000e+02
   6.5790000e+02   4.9000000e+01
   6.5790000e+02   2.6500000e+02
   6.5810000e+02   6.2900000e+02
   6.5830000e+02   1.3200000e+02
   6.5830000e+02   7.2500000e+02
   6.5830000e+02   8.4800000e+02
   6.5860000e+02   2.0000000e+01
   6.5860000e+02   2.6000000e+01
   6.5890000e+02   5.0000000e+01
   6.5910000e+02   4.1000000e+01
   6.5910000e+02   3.5600000e+02
   6.5950000e+02   7.1200000e+02
   6.5990000e+02   5.2500000e+02
   6.5990000e+02   9.7100000e+02
   6.6010000e+02   6.5000000e+02
   6.6050000e+02   4.2300000e+02
   6.6080000e+02   5.5900000e+02
   6.6090000e+02   8.5300000e+02
   6.6150000e+02   6.7200000e+02
   6.6180000e+02   9.4500000e+02
   6.6220000e+02   2.2200000e+02
   6.6220000e+02   5.9700000e+02
   6.6220000e+02   8.8400000e+02
   6.6230000e+02   1.1400000e+02
   6.6260000e+02   2.0900000e+02
   6.6370000e+02   1.7900000e+02
   6.6370000e+02   8.6000000e+02
   6.6370000e+02   8.6700000e+02
   6.6480000e+02   4.0200000e+02
   6.6520000e+02   3.8800000e+02
   6.6540000e+02   1.1300000e+02
   6.6540000e+02   9.9900000e+02
   6.6550000e+02   9.1800000e+02
   6.6570000e+02   2.0200000e+02
   6.6590000e+02   9.7900000e+02
   6.6630000e+02   9.8800000e+02
   6.6640000e+02   4.1700000e+02
   6.6640000e+02   8.3200000e+02
   6.6660000e+02   9.8600000e+02
   6.6710000e+02   6.3500000e+02
   6.6710000e+02   6.9400000e+02
   6.6730000e+02   1.6600000e+02
   6.6810000e+02   0.0000000e+00
   6.6810000e+02   5.3400000e+02
   6.6840000e+02   6.8600000e+02
   6.6850000e+02   4.2500000e+02
   6.6920000e+02   2.5000000e+02
   6.6950000e+02   4.7000000e+01
   6.6960000e+02   6.9900000e+02
   6.6970000e+02   6.5000000e+02
   6.7050000e+02   5.9500000e+02
   6.7060000e+02   1.5300000e+02
   6.7080000e+02   6.0400000e+02
   6.7090000e+02   2.5800000e+02
   6.7130000e+02   7.2200000e+02
   6.7140000e+02   8.7600000e+02
   6.7160000e+02   1.7500000e+02
   6.7180000e+02   4.6600000e+02
   6.7200000e+02   8.6100000e+02
   6.7210000e+02   9.4100000e+02
   6.7240000e+02   4.9000000e+01
   6.7270000e+02   7.0900000e+02
   6.7290000e+02   5.2000000e+01
   6.7290000e+02   6.3200000e+02
   6.7310000e+02   5.2800000e+02
   6.7340000e+02   2.3700000e+02
   6.7370000e+02   1.1400000e+02
   6.7380000e+02   5.1400000e+02
   6.7440000e+02   2.1300000e+02
   6.7470000e+02   1.6800000e+02
   6.7480000e+02   2.4000000e+02
   6.7540000e+02   2.2100000e+02
   6.7540000e+02   9.6100000e+02
   6.7570000e+02   5.3000000e+02
   6.7580000e+02   9.5400000e+02
   6.7590000e+02   1.8200000e+02
   6.7640000e+02   1.4000000e+01
   6.7640000e+02   8.6900000e+02
   6.7650000e+02   1.8100000e+02
   6.7690000e+02   1.6100000e+02
   6.7690000e+02   4.5700000e+02
   6.7740000e+02   7.0900000e+02
   6.7760000e+02   8.5300000e+02
   6.7780000e+02   4.3100000e+02
   6.7850000e+02   1.4100000e+02
   6.7910000e+02   5.5600000e+02
   6.7930000e+02   5.9000000e+01
   6.7940000e+02   6.6400000e+02
   6.7950000e+02   9.2000000e+01
   6.7970000e+02   4.3400000e+02
   6.7980000e+02   3.5400000e+02
   6.8010000e+02   1.4700000e+02
   6.8010000e+02   5.4300000e+02
   6.8040000e+02   8.9600000e+02
   6.8090000e+02   6.2900000e+02
   6.8160000e+02   3.6900000e+02
   6.8170000e+02   6.2300000e+02
   6.8210000e+02   9.9800000e+02
   6.8260000e+02   1.7800000e+02
   6.8280000e+02   2.4300000e+02
   6.8310000e+02   2.1200000e+02
   6.8310000e+02   6.5000000e+02
   6.8310000e+02   8.2100000e+02
   6.8370000e+02   7.2900000e+02
   6.8450000e+02   2.5000000e+01
   6.8450000e+02   4.1400000e+02
   6.8460000e+02   1.5800000e+02
   6.8480000e+02   9.5800000e+02
   6.8580000e+02   1.6100000e+02
   6.8580000e+02   9.4800000e+02
   6.8730000e+02   4.2700000e+02
   6.8790000e+02   3.2200000e+02
   6.8810000e+02   5.5900000e+02
   6.8820000e+02   4.4400000e+02
   6.8830000e+02   6.0400000e+02
   6.8850000e+02   6.9000000e+01
   6.8850000e+02   9.5100000e+02
   6.8940000e+02   1.6300000e+02
   6.8950000e+02   1.1000000e+01
   6.9000000e+02   2.3000000e+01
   6.9010000e+02   8.8500000e+02
   6.9080000e+02   4.1000000e+01
   6.9100000e+02   6.3300000e+02
   6.9120000e+02   3.4200000e+02
   6.9120000e+02   9.1400000e+02
   6.9150000e+02   8.2500000e+02
   6.9190000e+02   6.8000000e+01
   6.9190000e+02   2.3700000e+02
   6.9200000e+02   9.1500000e+02
   6.9270000e+02   2.7500000e+02
   6.9280000e+02   2.7000000e+02
   6.9300000e+02   9.0700000e+02
   6.9310000e+02   9.0900000e+02
   6.9390000e+02   1.9700000e+02
   6.9430000e+02   7.4800000e+02
   6.9440000e+02   3.9400000e+02
   6.9450000e+02   7.7200000e+02
   6.9470000e+02   9.0200000e+02
   6.9550000e+02   4.7500000e+02
   6.9620000e+02   1.8100000e+02
   6.9630000e+02   2.2200000e+02
   6.9640000e+02   8.1900000e+02
   6.9680000e+02   3.0600000e+02
   6.9690000e+02   9.7000000e+01
   6.9710000e+02   7.6000000e+01
   6.9710000e+02   8.7400000e+02
   6.9780000e+02   5.1400000e+02
   6.9850000e+02   2.6700000e+02
   6.9850000e+02   2.9600000e+02
   6.9850000e+02   7.0700000e+02
   6.9880000e+02   8.7300000e+02
   6.9910000e+02   3.6700000e+02
   6.9970000e+02   3.2000000e+01
   7.0090000e+02   8.2300000e+02
   7.0160000e+02   6.5300000e+02
   7.0230000e+02   3.3500000e+02
   7.0240000e+02   9.1800000e+02
   7.0250000e+02   6.4000000e+02
   7.0350000e+02   5.8700000e+02
   7.0360000e+02   3.9900000e+02
   7.0400000e+02   9.7900000e+02
   7.0440000e+02   6.2500000e+02
   7.0640000e+02   1.3500000e+02
   7.0680000e+02   5.7500000e+02
   7.0710000e+02   6.8300000e+02
   7.0720000e+02   4.7500000e+02
   7.0730000e+02   5.2700000e+02
   7.0750000e+02   1.9000000e+01
   7.0800000e+02   8.7700000e+02
   7.0820000e+02   4.6900000e+02
   7.1020000e+02   7.6900000e+02
   7.1110000e+02   5.3000000e+01
   7.1230000e+02   3.6900000e+02
   7.1260000e+02   4.7200000e+02
   7.1260000e+02   5.6000000e+02
   7.1270000e+02   7.0400000e+02
   7.1370000e+02   2.2700000e+02
   7.1380000e+02   1.9900000e+02
   7.1380000e+02   2.0500000e+02
   7.1380000e+02   6.5400000e+02
   7.1460000e+02   6.5600000e+02
   7.1490000e+02   4.4900000e+02
   7.1510000e+02   1.8400000e+02
   7.1520000e+02   6.5000000e+02
   7.1560000e+02   5.3000000e+02
   7.1560000e+02   5.8700000e+02
   7.1570000e+02   7.0600000e+02
   7.1610000e+02   9.1200000e+02
   7.1620000e+02   2.9800000e+02
   7.1640000e+02   2.4100000e+02
   7.1670000e+02   9.0000000e+00
   7.1740000e+02   2.1100000e+02
   7.1740000e+02   8.6700000e+02
   7.1760000e+02   8.8800000e+02
   7.1780000e+02   8.1700000e+02
   7.1840000e+02   3.2900000e+02
   7.1880000e+02   6.7000000e+01
   7.1900000e+02   3.3800000e+02
   7.1910000e+02   3.6500000e+02
   7.1940000e+02   3.6600000e+02
   7.1940000e+02   8.1100000e+02
   7.1960000e+02   8.8000000e+01
   7.2010000e+02   4.8100000e+02
   7.2100000e+02   9.1200000e+02
   7.2140000e+02   5.0000000e+01
   7.2180000e+02   5.0300000e+02
   7.2190000e+02   9.7900000e+02
   7.2300000e+02   1.1000000e+02
   7.2300000e+02   7.1200000e+02
   7.2400000e+02   2.8300000e+02
   7.2410000e+02   7.3100000e+02
   7.2460000e+02   6.4400000e+02
   7.2490000e+02   3.8800000e+02
   7.2520000e+02   5.0000000e+01
   7.2570000e+02   5.8300000e+02
   7.2640000e+02   1.5000000e+01
   7.2670000e+02   4.0500000e+02
   7.2760000e+02   4.2600000e+02
   7.2780000e+02   3.3200000e+02
   7.2890000e+02   3.5000000e+02
   7.2920000e+02   6.3400000e+02
   7.2970000e+02   9.9000000e+01
   7.2990000e+02   9.6200000e+02
   7.2990000e+02   9.7900000e+02
   7.3050000e+02   5.2900000e+02
   7.3070000e+02   4.5400000e+02
   7.3140000e+02   6.0800000e+02
   7.3170000e+02   1.6100000e+02
   7.3170000e+02   4.8600000e+02
   7.3180000e+02   9.7400000e+02
   7.3210000e+02   2.4000000e+01
   7.3260000e+02   8.4000000e+01
   7.3330000e+02   1.4500000e+02
   7.3380000e+02   2.7800000e+02
   7.3470000e+02   3.0000000e+02
   7.3510000e+02   8.2100000e+02
   7.3530000e+02   8.1400000e+02
   7.3630000e+02   2.1900000e+02
   7.3640000e+02   3.7300000e+02
   7.3750000e+02   3.0000000e+00
   7.3750000e+02   5.8200000e+02
   7.3820000e+02   7.5700000e+02
   7.3840000e+02   5.9500000e+02
   7.4010000e+02   1.5200000e+02
   7.4030000e+02   5.1000000e+01
   7.4050000e+02   3.3900000e+02
   7.4130000e+02   9.4400000e+02
   7.4180000e+02   9.0600000e+02
   7.4290000e+02   4.4300000e+02
   7.4340000e+02   3.6200000e+02
   7.4410000e+02   3.6100000e+02
   7.4420000e+02   6.1500000e+02
   7.4430000e+02   9.9300000e+02
   7.4440000e+02   5.5700000e+02
   7.4480000e+02   9.6700000e+02
   7.4490000e+02   9.9600000e+02
   7.4520000e+02   4.7600000e+02
   7.4530000e+02   6.6500000e+02
   7.4720000e+02   9.2000000e+01
   7.4870000e+02   5.8200000e+02
   7.4920000e+02   4.0900000e+02
   7.4970000e+02   6.5900000e+02
   7.5030000e+02   1.2300000e+02
   7.5040000e+02   5.9300000e+02
   7.5060000e+02   7.5100000e+02
   7.5070000e+02   9.9500000e+02
   7.5120000e+02   6.9200000e+02
   7.5190000e+02   2.6800000e+02
   7.5220000e+02   7.9300000e+02
   7.5290000e+02   1.6200000e+02
   7.5410000e+02   1.8300000e+02
   7.5440000e+02   6.9400000e+02
   7.5460000e+02   3.7600000e+02
   7.5460000e+02   5.9600000e+02
   7.5480000e+02   6.0700000e+02
   7.5520000e+02   6.2500000e+02
   7.5540000e+02   7.1000000e+02
   7.5540000e+02   7.9600000e+02
   7.5570000e+02   9.7700000e+02
   7.5580000e+02   8.5000000e+02
   7.5750000e+02   1.6000000e+01
   7.5810000e+02   9.5500000e+02
   7.5820000e+02   1.0000000e+01
   7.5840000e+02   1.2700000e+02
   7.5870000e+02   2.0400000e+02
   7.5940000e+02   5.3500000e+02
   7.5960000e+02   8.5400000e+02
   7.6020000e+02   8.3700000e+02
   7.6040000e+02   5.1900000e+02
   7.6050000e+02   9.9500000e+02
   7.6150000e+02   7.9900000e+02
   7.6170000e+02   3.1400000e+02
   7.6190000e+02   4.7000000e+01
   7.6210000e+02   5.3200000e+02
   7.6380000e+02   7.5900000e+02
   7.6420000e+02   7.8800000e+02
   7.6440000e+02   1.3500000e+02
   7.6540000e+02   4.3200000e+02
   7.6550000e+02   9.2300000e+02
   7.6620000e+02   6.6400000e+02
   7.6750000e+02   9.4100000e+02
   7.6780000e+02   3.0000000e+00
   7.6780000e+02   1.8200000e+02
   7.6870000e+02   2.8600000e+02
   7.6870000e+02   8.5600000e+02
   7.7010000e+02   3.0100000e+02
   7.7070000e+02   5.4800000e+02
   7.7170000e+02   6.7200000e+02
   7.7200000e+02   4.9000000e+01
   7.7250000e+02   9.3200000e+02
   7.7310000e+02   7.7100000e+02
   7.7320000e+02   6.1800000e+02
   7.7340000e+02   5.5400000e+02
   7.7410000e+02   3.8400000e+02
   7.7460000e+02   1.1100000e+02
   7.7540000e+02   5.8000000e+02
   7.7550000e+02   8.5900000e+02
   7.7550000e+02   8.8200000e+02
   7.7700000e+02   6.1100000e+02
   7.7700000e+02   8.3700000e+02
   7.7720000e+02   4.5200000e+02
   7.7760000e+02   3.1400000e+02
   7.7800000e+02   8.4400000e+02
   7.7810000e+02   1.4900000e+02
   7.7830000e+02   7.1100000e+02
   7.7920000e+02   4.6600000e+02
   7.7990000e+02   2.5300000e+02
   7.8040000e+02   4.2600000e+02
   7.8080000e+02   5.8000000e+01
   7.8140000e+02   7.7200000e+02
   7.8170000e+02   2.5400000e+02
   7.8200000e+02   3.9600000e+02
   7.8210000e+02   3.4200000e+02
   7.8210000e+02   6.9100000e+02
   7.8250000e+02   3.5300000e+02
   7.8350000e+02   5.1500000e+02
   7.8400000e+02   7.9000000e+02
   7.8460000e+02   6.6500000e+02
   7.8460000e+02   7.7900000e+02
   7.8510000e+02   2.0000000e+02
   7.8510000e+02   4.3700000e+02
   7.8550000e+02   7.5700000e+02
   7.8590000e+02   2.1900000e+02
   7.8640000e+02   5.1000000e+01
   7.8650000e+02   5.6000000e+02
   7.8670000e+02   5.4700000e+02
   7.8690000e+02   7.8400000e+02
   7.8850000e+02   3.1900000e+02
   7.8860000e+02   1.3700000e+02
   7.8880000e+02   3.0800000e+02
   7.8880000e+02   9.6400000e+02
   7.8930000e+02   5.7300000e+02
   7.8940000e+02   9.8200000e+02
   7.8960000e+02   8.4500000e+02
   7.8970000e+02   6.7200000e+02
   7.9100000e+02   6.0800000e+02
   7.9150000e+02   1.5700000e+02
   7.9250000e+02   2.9900000e+02
   7.9360000e+02   6.4200000e+02
   7.9370000e+02   7.5900000e+02
   7.9400000e+02   5.4600000e+02
   7.9430000e+02   7.4700000e+02
   7.9440000e+02   8.3600000e+02
   7.9480000e+02   8.4500000e+02
   7.9520000e+02   1.6900000e+02
   7.9570000e+02   8.6100000e+02
   7.9580000e+02   2.8900000e+02
   7.9600000e+02   5.2600000e+02
   7.9680000e+02   6.0300000e+02
   7.9760000e+02   3.4000000e+01
   7.9800000e+02   5.0100000e+02
   7.9810000e+02   2.4500000e+02
   7.9860000e+02   4.5000000e+02
   7.9930000e+02   2.4800000e+02
   7.9970000e+02   8.5300000e+02
   8.0000000e+02   7.1300000e+02
   8.0000000e+02   9.5300000e+02
   8.0010000e+02   4.5900000e+02
   8.0010000e+02   7.2500000e+02
   8.0020000e+02   8.7000000e+01
   8.0030000e+02   9.3200000e+02
   8.0060000e+02   8.5000000e+01
   8.0060000e+02   4.3300000e+02
   8.0170000e+02   6.4500000e+02
   8.0180000e+02   5.6300000e+02
   8.0210000e+02   1.1800000e+02
   8.0220000e+02   8.0700000e+02
   8.0240000e+02   6.9400000e+02
   8.0290000e+02   7.4900000e+02
   8.0310000e+02   5.5100000e+02
   8.0350000e+02   6.2000000e+02
   8.0390000e+02   4.8200000e+02
   8.0400000e+02   8.4800000e+02
   8.0420000e+02   2.5100000e+02
   8.0430000e+02   2.0100000e+02
   8.0430000e+02   3.4100000e+02
   8.0440000e+02   8.0000000e+01
   8.0460000e+02   4.0400000e+02
   8.0460000e+02   7.7300000e+02
   8.0470000e+02   3.4800000e+02
   8.0480000e+02   1.3300000e+02
   8.0500000e+02   6.4800000e+02
   8.0520000e+02   8.0900000e+02
   8.0550000e+02   5.2900000e+02
   8.0570000e+02   7.0100000e+02
   8.0590000e+02   0.0000000e+00
   8.0600000e+02   4.5000000e+02
   8.0600000e+02   9.4000000e+02
   8.0610000e+02   9.6000000e+01
   8.0610000e+02   8.4600000e+02
   8.0620000e+02   9.6200000e+02
   8.0700000e+02   2.6000000e+01
   8.0710000e+02   8.0200000e+02
   8.0810000e+02   5.4000000e+02
   8.0830000e+02   2.7900000e+02
   8.1000000e+02   4.9100000e+02
   8.1020000e+02   4.3000000e+02
   8.1140000e+02   1.4300000e+02
   8.1220000e+02   7.2300000e+02
   8.1260000e+02   5.7700000e+02
   8.1260000e+02   7.2000000e+02
   8.1280000e+02   6.1000000e+02
   8.1390000e+02   2.5100000e+02
   8.1450000e+02   3.1000000e+01
   8.1450000e+02   2.9000000e+02
   8.1470000e+02   9.4100000e+02
   8.1490000e+02   4.6800000e+02
   8.1500000e+02   4.7600000e+02
   8.1500000e+02   9.6400000e+02
   8.1520000e+02   3.4500000e+02
   8.1560000e+02   2.4500000e+02
   8.1580000e+02   5.2000000e+02
   8.1620000e+02   1.5000000e+01
   8.1650000e+02   6.0700000e+02
   8.1690000e+02   2.1500000e+02
   8.1730000e+02   8.6400000e+02
   8.1780000e+02   9.8800000e+02
   8.1810000e+02   8.9600000e+02
   8.1840000e+02   6.9100000e+02
   8.1910000e+02   5.8300000e+02
   8.1940000e+02   6.2900000e+02
   8.1960000e+02   7.9100000e+02
   8.1970000e+02   9.8800000e+02
   8.2030000e+02   2.5500000e+02
   8.2040000e+02   4.5700000e+02
   8.2070000e+02   1.8100000e+02
   8.2110000e+02   6.2500000e+02
   8.2220000e+02   3.0000000e+01
   8.2230000e+02   5.9000000e+01
   8.2250000e+02   4.2000000e+02
   8.2270000e+02   4.3600000e+02
   8.2290000e+02   7.8900000e+02
   8.2320000e+02   3.7300000e+02
   8.2330000e+02   3.5000000e+01
   8.2340000e+02   8.3700000e+02
   8.2350000e+02   3.3800000e+02
   8.2360000e+02   7.7000000e+01
   8.2410000e+02   8.5200000e+02
   8.2430000e+02   4.7300000e+02
   8.2430000e+02   4.9600000e+02
   8.2470000e+02   4.9400000e+02
   8.2480000e+02   9.1600000e+02
   8.2500000e+02   4.6000000e+01
   8.2520000e+02   1.7700000e+02
   8.2650000e+02   7.7300000e+02
   8.2720000e+02   1.4700000e+02
   8.2790000e+02   1.4200000e+02
   8.2830000e+02   2.8100000e+02
   8.2860000e+02   7.1700000e+02
   8.2990000e+02   7.8200000e+02
   8.3000000e+02   1.9000000e+02
   8.3010000e+02   4.3000000e+02
   8.3080000e+02   6.3000000e+02
   8.3130000e+02   8.1900000e+02
   8.3140000e+02   3.2900000e+02
   8.3140000e+02   7.2500000e+02
   8.3190000e+02   6.6600000e+02
   8.3200000e+02   3.6100000e+02
   8.3230000e+02   2.6000000e+01
   8.3230000e+02   6.6600000e+02
   8.3240000e+02   7.5000000e+01
   8.3360000e+02   2.2300000e+02
   8.3370000e+02   6.9300000e+02
   8.3380000e+02   3.5100000e+02
   8.3410000e+02   4.1000000e+01
   8.3450000e+02   9.2900000e+02
   8.3480000e+02   3.4000000e+01
   8.3520000e+02   9.3800000e+02
   8.3540000e+02   7.1500000e+02
   8.3550000e+02   8.3400000e+02
   8.3610000e+02   6.8200000e+02
   8.3620000e+02   6.5900000e+02
   8.3640000e+02   6.5200000e+02
   8.3680000e+02   4.8300000e+02
   8.3730000e+02   9.9000000e+02
   8.3740000e+02   3.0300000e+02
   8.3740000e+02   3.8400000e+02
   8.3760000e+02   5.9300000e+02
   8.3800000e+02   3.7200000e+02
   8.3800000e+02   8.7900000e+02
   8.3810000e+02   1.3300000e+02
   8.3830000e+02   1.4400000e+02
   8.3910000e+02   4.0100000e+02
   8.3920000e+02   4.3700000e+02
   8.3930000e+02   5.5000000e+02
   8.3970000e+02   3.4300000e+02
   8.4020000e+02   8.1700000e+02
   8.4050000e+02   7.2000000e+01
   8.4060000e+02   1.6300000e+02
   8.4060000e+02   6.7600000e+02
   8.4090000e+02   9.5600000e+02
   8.4110000e+02   5.9500000e+02
   8.4160000e+02   3.4000000e+02
   8.4160000e+02   4.4200000e+02
   8.4160000e+02   5.2900000e+02
   8.4170000e+02   3.6300000e+02
   8.4190000e+02   6.2000000e+02
   8.4210000e+02   3.5900000e+02
   8.4220000e+02   2.7200000e+02
   8.4260000e+02   2.3000000e+01
   8.4270000e+02   3.6100000e+02
   8.4290000e+02   2.4500000e+02
   8.4310000e+02   5.7100000e+02
   8.4350000e+02   1.7100000e+02
   8.4370000e+02   1.2000000e+01
   8.4400000e+02   9.2000000e+01
   8.4410000e+02   8.9000000e+01
   8.4440000e+02   3.6700000e+02
   8.4460000e+02   8.0900000e+02
   8.4480000e+02   6.8000000e+02
   8.4480000e+02   8.8900000e+02
   8.4490000e+02   5.4600000e+02
   8.4600000e+02   1.3700000e+02
   8.4620000e+02   3.3400000e+02
   8.4650000e+02   4.2500000e+02
   8.4740000e+02   1.0700000e+02
   8.4740000e+02   7.5600000e+02
   8.4760000e+02   1.5300000e+02
   8.4760000e+02   4.3300000e+02
   8.4800000e+02   5.3800000e+02
   8.4870000e+02   5.6500000e+02
   8.4870000e+02   6.9800000e+02
   8.4890000e+02   8.8400000e+02
   8.4910000e+02   3.9100000e+02
   8.4910000e+02   8.3900000e+02
   8.4930000e+02   1.8600000e+02
   8.5010000e+02   1.4400000e+02
   8.5020000e+02   2.6800000e+02
   8.5030000e+02   4.1300000e+02
   8.5040000e+02   4.7700000e+02
   8.5060000e+02   7.7600000e+02
   8.5080000e+02   1.0000000e+02
   8.5100000e+02   9.7900000e+02
   8.5120000e+02   4.8200000e+02
   8.5120000e+02   8.0700000e+02
   8.5170000e+02   3.6500000e+02
   8.5170000e+02   6.5300000e+02
   8.5240000e+02   2.3300000e+02
   8.5270000e+02   6.7100000e+02
   8.5340000e+02   1.5300000e+02
   8.5350000e+02   1.3900000e+02
   8.5360000e+02   8.5400000e+02
   8.5370000e+02   5.6100000e+02
   8.5380000e+02   8.5400000e+02
   8.5390000e+02   4.7200000e+02
   8.5400000e+02   5.8000000e+02
   8.5460000e+02   9.0000000e+01
   8.5480000e+02   3.2600000e+02
   8.5530000e+02   3.6600000e+02
   8.5570000e+02   4.4000000e+01
   8.5570000e+02   3.0300000e+02
   8.5580000e+02   8.2200000e+02
   8.5600000e+02   6.4400000e+02
   8.5610000e+02   8.2400000e+02
   8.5620000e+02   2.1400000e+02
   8.5620000e+02   8.3600000e+02
   8.5630000e+02   3.3000000e+01
   8.5640000e+02   4.9300000e+02
   8.5670000e+02   9.0000000e+01
   8.5710000e+02   3.4700000e+02
   8.5710000e+02   9.6700000e+02
   8.5770000e+02   7.4700000e+02
   8.5840000e+02   6.3800000e+02
   8.5870000e+02   8.4800000e+02
   8.5890000e+02   1.0000000e+00
   8.5910000e+02   7.2000000e+01
   8.5910000e+02   2.7500000e+02
   8.5910000e+02   6.6600000e+02
   8.5980000e+02   5.8200000e+02
   8.6010000e+02   8.6300000e+02
   8.6030000e+02   9.3700000e+02
   8.6060000e+02   6.3100000e+02
   8.6090000e+02   7.9100000e+02
   8.6160000e+02   1.6000000e+02
   8.6190000e+02   2.3700000e+02
   8.6200000e+02   4.2600000e+02
   8.6280000e+02   4.9500000e+02
   8.6290000e+02   1.3400000e+02
   8.6300000e+02   2.2100000e+02
   8.6340000e+02   3.2000000e+02
   8.6380000e+02   8.9900000e+02
   8.6480000e+02   2.5600000e+02
   8.6540000e+02   8.8200000e+02
   8.6540000e+02   9.3100000e+02
   8.6610000e+02   4.7200000e+02
   8.6620000e+02   5.3400000e+02
   8.6660000e+02   5.1600000e+02
   8.6670000e+02   7.0100000e+02
   8.6690000e+02   9.7000000e+01
   8.6720000e+02   4.5600000e+02
   8.6760000e+02   1.8300000e+02
   8.6790000e+02   2.1000000e+01
   8.6810000e+02   6.9500000e+02
   8.6820000e+02   1.8500000e+02
   8.6850000e+02   4.8200000e+02
   8.6910000e+02   4.4800000e+02
   8.6940000e+02   8.6100000e+02
   8.7000000e+02   2.1200000e+02
   8.7000000e+02   2.3200000e+02
   8.7050000e+02   1.2900000e+02
   8.7090000e+02   6.9200000e+02
   8.7110000e+02   8.2700000e+02
   8.7140000e+02   6.3400000e+02
   8.7150000e+02   7.6600000e+02
   8.7210000e+02   5.7900000e+02
   8.7220000e+02   2.9200000e+02
   8.7220000e+02   7.6000000e+02
   8.7220000e+02   7.8500000e+02
   8.7260000e+02   3.0600000e+02
   8.7290000e+02   1.4800000e+02
   8.7290000e+02   3.6400000e+02
   8.7300000e+02   7.6700000e+02
   8.7310000e+02   8.5900000e+02
   8.7320000e+02   9.5400000e+02
   8.7360000e+02   9.0200000e+02
   8.7370000e+02   3.6900000e+02
   8.7370000e+02   7.8200000e+02
   8.7380000e+02   7.9000000e+02
   8.7390000e+02   5.9700000e+02
   8.7430000e+02   6.5900000e+02
   8.7480000e+02   2.1800000e+02
   8.7500000e+02   1.0500000e+02
   8.7500000e+02   1.6400000e+02
   8.7510000e+02   2.6000000e+02
   8.7520000e+02   9.5600000e+02
   8.7530000e+02   5.5300000e+02
   8.7540000e+02   1.7100000e+02
   8.7550000e+02   7.1500000e+02
   8.7570000e+02   1.2000000e+02
   8.7590000e+02   7.9900000e+02
   8.7620000e+02   1.5200000e+02
   8.7660000e+02   5.3900000e+02
   8.7670000e+02   3.2700000e+02
   8.7680000e+02   1.6000000e+01
   8.7680000e+02   8.9000000e+02
   8.7780000e+02   3.2000000e+02
   8.7780000e+02   4.0600000e+02
   8.7790000e+02   1.0900000e+02
   8.7820000e+02   3.1400000e+02
   8.7890000e+02   4.6100000e+02
   8.7950000e+02   2.1100000e+02
   8.7970000e+02   2.4000000e+01
   8.7970000e+02   1.6500000e+02
   8.7980000e+02   6.2800000e+02
   8.8000000e+02   9.2000000e+01
   8.8050000e+02   4.4500000e+02
   8.8070000e+02   9.1000000e+02
   8.8080000e+02   4.1700000e+02
   8.8090000e+02   1.7800000e+02
   8.8090000e+02   2.4600000e+02
   8.8130000e+02   1.4400000e+02
   8.8180000e+02   6.5200000e+02
   8.8190000e+02   1.2200000e+02
   8.8200000e+02   4.4700000e+02
   8.8200000e+02   6.8200000e+02
   8.8260000e+02   2.0300000e+02
   8.8320000e+02   2.1900000e+02
   8.8340000e+02   7.4700000e+02
   8.8350000e+02   6.5300000e+02
   8.8350000e+02   9.4500000e+02
   8.8360000e+02   1.1700000e+02
   8.8430000e+02   8.9900000e+02
   8.8440000e+02   8.6900000e+02
   8.8440000e+02   9.4100000e+02
   8.8450000e+02   6.4000000e+01
   8.8460000e+02   2.6200000e+02
   8.8600000e+02   2.0000000e+00
   8.8750000e+02   7.0800000e+02
   8.8760000e+02   1.4000000e+02
   8.8760000e+02   4.4000000e+02
   8.8810000e+02   8.8100000e+02
   8.8880000e+02   5.3100000e+02
   8.8880000e+02   6.9200000e+02
   8.8930000e+02   9.9800000e+02
   8.8960000e+02   9.3400000e+02
   8.8970000e+02   3.3700000e+02
   8.9010000e+02   8.7900000e+02
   8.9020000e+02   4.8200000e+02
   8.9060000e+02   8.4700000e+02
   8.9150000e+02   1.4700000e+02
   8.9190000e+02   7.1700000e+02
   8.9230000e+02   5.3000000e+01
   8.9230000e+02   5.7800000e+02
   8.9250000e+02   9.7400000e+02
   8.9340000e+02   1.2000000e+01
   8.9350000e+02   3.3500000e+02
   8.9370000e+02   6.4600000e+02
   8.9370000e+02   9.8200000e+02
   8.9390000e+02   6.6100000e+02
   8.9410000e+02   1.2200000e+02
   8.9410000e+02   8.7100000e+02
   8.9440000e+02   1.0600000e+02
   8.9470000e+02   6.6400000e+02
   8.9470000e+02   8.8300000e+02
   8.9470000e+02   9.9900000e+02
   8.9480000e+02   8.4800000e+02
   8.9490000e+02   9.1800000e+02
   8.9500000e+02   5.3000000e+02
   8.9520000e+02   5.8300000e+02
   8.9630000e+02   9.7200000e+02
   8.9700000e+02   8.0000000e+01
   8.9790000e+02   8.8300000e+02
   8.9870000e+02   9.0400000e+02
   8.9890000e+02   5.5300000e+02
   8.9900000e+02   2.0100000e+02
   8.9900000e+02   2.0700000e+02
   8.9930000e+02   9.2500000e+02
   8.9940000e+02   1.8200000e+02
   8.9960000e+02   8.5300000e+02
   9.0020000e+02   6.9100000e+02
   9.0040000e+02   6.1000000e+01
   9.0080000e+02   5.1500000e+02
   9.0130000e+02   9.7300000e+02
   9.0140000e+02   1.0000000e+00
   9.0240000e+02   2.3600000e+02
   9.0310000e+02   1.4000000e+01
   9.0360000e+02   2.4700000e+02
   9.0360000e+02   2.5100000e+02
   9.0390000e+02   7.3600000e+02
   9.0400000e+02   4.9700000e+02
   9.0430000e+02   6.8500000e+02
   9.0450000e+02   9.8700000e+02
   9.0500000e+02   6.0500000e+02
   9.0530000e+02   4.8700000e+02
   9.0590000e+02   6.6100000e+02
   9.0620000e+02   2.9300000e+02
   9.0640000e+02   1.1800000e+02
   9.0640000e+02   3.8500000e+02
   9.0660000e+02   7.4400000e+02
   9.0660000e+02   9.7900000e+02
   9.0680000e+02   6.9200000e+02
   9.0690000e+02   2.5500000e+02
   9.0700000e+02   8.4000000e+02
   9.0750000e+02   1.9000000e+01
   9.0750000e+02   2.9900000e+02
   9.0780000e+02   5.0000000e+00
   9.0830000e+02   2.7600000e+02
   9.0870000e+02   6.4200000e+02
   9.0870000e+02   9.1300000e+02
   9.0960000e+02   9.3400000e+02
   9.0970000e+02   8.3900000e+02
   9.0980000e+02   3.1000000e+02
   9.0980000e+02   8.7200000e+02
   9.1000000e+02   6.8500000e+02
   9.1050000e+02   8.8500000e+02
   9.1090000e+02   5.3100000e+02
   9.1110000e+02   7.5900000e+02
   9.1120000e+02   3.2100000e+02
   9.1130000e+02   8.5300000e+02
   9.1140000e+02   1.8000000e+01
   9.1150000e+02   4.3900000e+02
   9.1160000e+02   7.7500000e+02
   9.1190000e+02   3.8100000e+02
   9.1240000e+02   1.7900000e+02
   9.1240000e+02   6.9300000e+02
   9.1260000e+02   6.9000000e+01
   9.1300000e+02   5.3300000e+02
   9.1360000e+02   2.8800000e+02
   9.1370000e+02   1.5600000e+02
   9.1380000e+02   4.7600000e+02
   9.1420000e+02   4.7300000e+02
   9.1430000e+02   1.0500000e+02
   9.1460000e+02   1.5000000e+01
   9.1540000e+02   8.8300000e+02
   9.1560000e+02   1.0900000e+02
   9.1560000e+02   3.0100000e+02
   9.1630000e+02   5.0300000e+02
   9.1660000e+02   4.0000000e+01
   9.1670000e+02   8.0500000e+02
   9.1720000e+02   9.0000000e+01
   9.1760000e+02   3.2400000e+02
   9.1760000e+02   8.4300000e+02
   9.1840000e+02   6.6100000e+02
   9.1850000e+02   5.6800000e+02
   9.1910000e+02   6.5000000e+02
   9.1950000e+02   7.7600000e+02
   9.2030000e+02   3.2300000e+02
   9.2080000e+02   9.6100000e+02
   9.2160000e+02   5.6600000e+02
   9.2250000e+02   3.4300000e+02
   9.2410000e+02   2.7500000e+02
   9.2490000e+02   4.9600000e+02
   9.2540000e+02   6.3000000e+01
   9.2610000e+02   9.0100000e+02
   9.2630000e+02   4.7900000e+02
   9.2650000e+02   9.4800000e+02
   9.2720000e+02   9.6000000e+01
   9.2720000e+02   6.1500000e+02
   9.2740000e+02   3.4400000e+02
   9.2840000e+02   7.6100000e+02
   9.2880000e+02   7.7700000e+02
   9.2910000e+02   4.0300000e+02
   9.2970000e+02   8.4700000e+02
   9.3020000e+02   3.7100000e+02
   9.3100000e+02   2.1900000e+02
   9.3190000e+02   5.4900000e+02
   9.3210000e+02   2.4400000e+02
   9.3210000e+02   5.1800000e+02
   9.3260000e+02   4.9700000e+02
   9.3310000e+02   7.2000000e+01
   9.3330000e+02   6.4700000e+02
   9.3350000e+02   8.9100000e+02
   9.3370000e+02   5.9000000e+01
   9.3430000e+02   2.0000000e+00
   9.3550000e+02   6.4100000e+02
   9.3590000e+02   2.6000000e+02
   9.3600000e+02   2.8200000e+02
   9.3640000e+02   6.5100000e+02
   9.3650000e+02   9.1100000e+02
   9.3720000e+02   4.3900000e+02
   9.3820000e+02   9.0700000e+02
   9.3890000e+02   3.1000000e+02
   9.3910000e+02   3.8600000e+02
   9.3940000e+02   7.1300000e+02
   9.3980000e+02   5.2200000e+02
   9.4160000e+02   2.3400000e+02
   9.4170000e+02   1.0800000e+02
   9.4180000e+02   8.0300000e+02
   9.4250000e+02   1.9700000e+02
   9.4270000e+02   2.3300000e+02
   9.4280000e+02   4.7800000e+02
   9.4280000e+02   6.3600000e+02
   9.4290000e+02   1.7900000e+02
   9.4300000e+02   9.4100000e+02
   9.4390000e+02   6.7000000e+02
   9.4430000e+02   8.5300000e+02
   9.4620000e+02   9.9400000e+02
   9.4680000e+02   8.3800000e+02
   9.4710000e+02   2.2600000e+02
   9.4730000e+02   4.6500000e+02
   9.4740000e+02   1.4200000e+02
   9.4750000e+02   8.8100000e+02
   9.4750000e+02   8.8200000e+02
   9.4770000e+02   5.3400000e+02
   9.4830000e+02   1.4600000e+02
   9.4840000e+02   9.1200000e+02
   9.4960000e+02   7.7900000e+02
   9.5090000e+02   5.1000000e+01
   9.5160000e+02   3.4700000e+02
   9.5210000e+02   8.5900000e+02
   9.5210000e+02   8.8600000e+02
   9.5350000e+02   2.9100000e+02
   9.5420000e+02   6.9800000e+02
   9.5470000e+02   8.5400000e+02
   9.5500000e+02   3.7000000e+01
   9.5620000e+02   9.0000000e+00
   9.5740000e+02   8.7100000e+02
   9.5740000e+02   9.7800000e+02
   9.5790000e+02   5.4600000e+02
   9.5810000e+02   6.7600000e+02
   9.5880000e+02   8.2800000e+02
   9.5900000e+02   1.7000000e+01
   9.5970000e+02   1.0100000e+02
   9.6080000e+02   8.5000000e+01
   9.6110000e+02   3.2000000e+01
   9.6160000e+02   6.6100000e+02
   9.6240000e+02   2.7900000e+02
   9.6330000e+02   3.0000000e+01
   9.6340000e+02   9.2100000e+02
   9.6380000e+02   2.5600000e+02
   9.6600000e+02   8.2800000e+02
   9.6610000e+02   7.3600000e+02
   9.6800000e+02   9.4100000e+02
   9.6970000e+02   5.9700000e+02
   9.6980000e+02   5.8300000e+02
   9.7150000e+02   9.5200000e+02
   9.7180000e+02   9.9600000e+02
   9.7200000e+02   6.6900000e+02
   9.7310000e+02   6.8800000e+02
   9.7330000e+02   4.4300000e+02
   9.7440000e+02   8.2600000e+02
   9.7480000e+02   7.4100000e+02
   9.7520000e+02   3.3400000e+02
   9.7530000e+02   1.2200000e+02
   9.7580000e+02   3.0400000e+02
   9.7590000e+02   7.8500000e+02
   9.7640000e+02   6.7100000e+02
   9.7760000e+02   9.2800000e+02
   9.7770000e+02   8.0000000e+01
   9.7780000e+02   6.8100000e+02
   9.7840000e+02   6.4200000e+02
   9.7850000e+02   2.9400000e+02
   9.7860000e+02   2.2200000e+02
   9.7870000e+02   5.3600000e+02
   9.7970000e+02   7.6700000e+02
   9.8030000e+02   3.5100000e+02
   9.8040000e+02   5.6500000e+02
   9.8060000e+02   6.4300000e+02
   9.8090000e+02   3.4000000e+02
   9.8090000e+02   6.2500000e+02
   9.8100000e+02   6.9100000e+02
   9.8110000e+02   6.6500000e+02
   9.8140000e+02   3.8000000e+02
   9.8160000e+02   2.3800000e+02
   9.8180000e+02   8.0000000e+01
   9.8260000e+02   1.4700000e+02
   9.8280000e+02   5.6300000e+02
   9.8300000e+02   7.2500000e+02
   9.8310000e+02   9.4500000e+02
   9.8370000e+02   6.9500000e+02
   9.8380000e+02   3.8900000e+02
   9.8420000e+02   3.6300000e+02
   9.8460000e+02   5.1400000e+02
   9.8460000e+02   8.2700000e+02
   9.8480000e+02   7.9300000e+02
   9.8510000e+02   5.3300000e+02
   9.8520000e+02   5.9900000e+02
   9.8530000e+02   7.8900000e+02
   9.8550000e+02   8.6600000e+02
   9.8560000e+02   6.3900000e+02
   9.8610000e+02   6.2000000e+01
   9.8740000e+02   4.7400000e+02
   9.8740000e+02   7.5000000e+02
   9.8760000e+02   9.3400000e+02
   9.8830000e+02   1.1300000e+02
   9.8840000e+02   7.3600000e+02
   9.8920000e+02   7.6000000e+01
   9.8920000e+02   6.4000000e+02
   9.8940000e+02   7.5800000e+02
   9.9070000e+02   9.1900000e+02
   9.9110000e+02   7.9800000e+02
   9.9220000e+02   8.2600000e+02
   9.9240000e+02   8.2800000e+02
   9.9350000e+02   1.0200000e+02
   9.9360000e+02   2.2100000e+02
   9.9370000e+02   5.0600000e+02
   9.9370000e+02   8.8400000e+02
   9.9390000e+02   3.3300000e+02
   9.9410000e+02   9.3000000e+01
   9.9480000e+02   8.4400000e+02
   9.9490000e+02   2.6000000e+01
   9.9530000e+02   4.6900000e+02
   9.9600000e+02   7.4900000e+02
   9.9640000e+02   5.9000000e+01
   9.9830000e+02   5.7000000e+01
   9.9830000e+02   6.7000000e+01
   9.9850000e+02   2.9600000e+02
   9.9880000e+02   8.3300000e+02
   9.9890000e+02   6.5100000e+02
   9.9900000e+02   2.7400000e+02
   9.9910000e+02   7.6200000e+02
   9.9950000e+02   4.9300000e+02
   9.9960000e+02   1.1400000e+02
   9.9980000e+02   8.1000000e+02
